Date,Open,High,Low,Close,Volume,Dividends,Stock Splits
1992-02-28,3.274540580837883,3.274540580837883,2.5468648962072424,2.944812536239624,31921600,0.0,0.0
1992-03-02,2.9334428361121647,2.9334428361121647,2.6719343662261963,2.6719343662261963,3063200,0.0,0.0
1992-03-03,2.6491944583463463,2.66056439164397,2.546865058667732,2.6264545917510986,1629600,0.0,0.0
1992-03-04,2.6264530420303345,2.7401523079190935,2.6264530420303345,2.706042528152466,792800,0.0,0.0
1992-03-05,2.71741348584493,2.71741348584493,2.546864522298177,2.558234453201294,621600,0.0,0.0
1992-03-06,2.5923443089360774,2.637824033654254,2.558234515397445,2.615084171295166,822400,0.0,0.0
1992-03-09,2.6378231048583984,2.660562959210626,2.5923433961539435,2.6378231048583984,316000,0.0,0.0
1992-03-10,2.6378234768309534,2.7856325509637223,2.615083619272066,2.7401528358459473,670400,0.0,0.0
1992-03-11,2.7401523079190935,2.762892161096845,2.69467260156359,2.706042528152466,555200,0.0,0.0
1992-03-12,2.706043049507616,2.762892693404835,2.706043049507616,2.7401528358459473,293600,0.0,0.0
1992-03-13,2.7515231909128177,2.808372843617628,2.6719336771260833,2.694673538208008,379200,0.0,0.0
1992-03-16,2.7060441248344653,2.7060441248344653,2.615084658453475,2.6264545917510986,346400,0.0,0.0
1992-03-17,2.6378240210520647,2.649193952177289,2.6037142276763916,2.6037142276763916,212000,0.0,0.0
1992-03-18,2.6037142276763916,2.615084158801616,2.5809743654259427,2.6037142276763916,440800,0.0,0.0
1992-03-19,2.6150833927424606,2.6150833927424606,2.5582337537697986,2.569603681564331,366400,0.0,0.0
1992-03-20,2.580974730182456,2.580974730182456,2.4900152683258057,2.4900152683258057,538400,0.0,0.0
1992-03-23,2.4445356385221757,2.4445356385221757,2.2853565736881736,2.3422062397003174,1220800,0.0,0.0
1992-03-24,2.353574942140018,2.364944869396733,2.319465160369873,2.319465160369873,472000,0.0,0.0
1992-03-25,2.330836772918701,2.364946579351658,2.308096901963397,2.330836772918701,420000,0.0,0.0
1992-03-26,2.330834812457019,2.330834812457019,2.2853551087993207,2.296725034713745,269600,0.0,0.0
1992-03-27,2.3080955914088657,2.3080955914088657,2.217136159235117,2.228506088256836,487200,0.0,0.0
1992-03-30,2.205766959623857,2.251246690750122,2.137547362934459,2.251246690750122,1059200,0.0,0.0
1992-03-31,2.2398772571810444,2.308096869074883,2.2285073218654046,2.2853569984436035,420000,0.0,0.0
1992-04-01,2.296725010203424,2.4445340455135454,2.262615232824165,2.433164119720459,680000,0.0,0.0
1992-04-02,2.444533668278496,2.47864344039401,2.353574275970459,2.353574275970459,560800,0.0,0.0
1992-04-03,2.364944950815593,2.4104246614082006,2.3422050955192892,2.376314878463745,269600,0.0,0.0
1992-04-06,2.421795941254483,2.5468652152159823,2.421795941254483,2.5354952812194824,1020800,0.0,0.0
1992-04-07,2.5696050535548816,2.6037148551507427,2.490015516497872,2.501385450363159,665600,0.0,0.0
1992-04-08,2.4672745927324833,2.4900144507300177,2.3649452317435786,2.4104249477386475,470400,0.0,0.0
1992-04-09,2.4217958748340607,2.4786455432573953,2.4104259411493936,2.4559056758880615,174400,0.0,0.0
1992-04-10,2.478643475614522,2.5582329450149883,2.478643475614522,2.5127532482147217,428000,0.0,0.0
1992-04-13,2.5013849971530675,2.546864724374032,2.5013849971530675,2.52412486076355,138400,0.0,0.0
1992-04-14,2.5241247218588123,2.6491939648337985,2.512754790679268,2.615084171295166,416000,0.0,0.0
1992-04-15,2.6150833927424606,2.626453320536993,2.5582337537697986,2.569603681564331,109600,0.0,0.0
1992-04-16,2.569604797450375,2.569604797450375,2.467275402861643,2.4900152683258057,218400,0.0,0.0
1992-04-20,2.444534734734949,2.4559046637337163,2.342205373746044,2.4104249477386475,631200,0.0,0.0
1992-04-21,2.3990549594163895,2.3990549594163895,2.3535752445459366,2.36494517326355,329600,0.0,0.0
1992-04-22,2.3649461061051746,2.3649461061051746,2.31946637329546,2.3422062397003174,192800,0.0,0.0
1992-04-23,2.3649452317435786,2.433164805736182,2.3649452317435786,2.4104249477386475,394400,0.0,0.0
1992-04-24,2.4104249182201567,2.4104249182201567,2.3649452027820406,2.3876850605010986,276800,0.0,0.0
1992-04-27,2.3876848379017614,2.4331645490998906,2.3649449823026973,2.399054765701294,289600,0.0,0.0
1992-04-28,2.4331648106477695,2.501384384778081,2.228506088256836,2.228506088256836,1251200,0.0,0.0
1992-04-29,2.2512459463002727,2.3080955914088657,2.228506088256836,2.228506088256836,644000,0.0,0.0
1992-04-30,2.1943963011916803,2.228506088256836,2.0920669399962133,2.228506088256836,1656000,0.0,0.0
1992-05-01,2.2512461319565773,2.273985991875331,2.171656622240941,2.1830265522003174,241600,0.0,0.0
1992-05-04,2.205766412119071,2.205766412119071,2.1602866922815642,2.1830265522003174,300800,0.0,0.0
1992-05-05,2.171656523524104,2.1830264529666388,2.0806970879838276,2.1034369468688965,442400,0.0,0.0
1992-05-06,2.1261785605444983,2.308097581767557,2.114808621718057,2.262617826461792,711200,0.0,0.0
1992-05-07,2.2626166450977325,2.273986577987671,2.2285068464279174,2.273986577987671,267200,0.0,0.0
1992-05-08,2.2626158753219916,2.2967256623871473,2.228506088256836,2.228506088256836,198400,0.0,0.0
1992-05-11,2.2285073218654046,2.2853569984436035,2.2285073218654046,2.2853569984436035,193600,0.0,0.0
1992-05-12,2.2739865563132544,2.2739865563132544,2.2398767579685557,2.251246690750122,80000,0.0,0.0
1992-05-13,2.239877223968506,2.2512471591155543,2.228507288821458,2.239877223968506,163200,0.0,0.0
1992-05-14,2.2512478876353508,2.262617826461792,2.23987794880891,2.262617826461792,59200,0.0,0.0
1992-05-15,2.2626163470439424,2.2626163470439424,2.2171366214752197,2.2171366214752197,24800,0.0,0.0
1992-05-18,2.205765946541425,2.239875729219901,2.1943960189819336,2.1943960189819336,117600,0.0,0.0
1992-05-19,2.2057671546936035,2.2285070222677645,2.171657353332362,2.2057671546936035,206400,0.0,0.0
1992-05-20,2.228507288821458,2.2626170942626027,2.2171373536744095,2.239877223968506,276800,0.0,0.0
1992-05-21,2.239876484259581,2.2512464156517615,2.2057666900830393,2.2171366214752197,340000,0.0,0.0
1992-05-22,2.2171373536744095,2.2512471591155543,2.2171373536744095,2.239877223968506,261600,0.0,0.0
1992-05-26,2.239877223968506,2.2512471591155543,2.228507288821458,2.239877223968506,128000,0.0,0.0
1992-05-27,2.2512464156517615,2.2626163470439424,2.2057666900830393,2.2171366214752197,245600,0.0,0.0
1992-05-28,2.2057673668986215,2.2057673668986215,2.148917692494018,2.1716575622558594,409600,0.0,0.0
1992-05-29,2.1716575622558594,2.194397432017701,2.1716575622558594,2.1716575622558594,352800,0.0,0.0
1992-06-01,2.183026827298678,2.2285065528674006,2.183026827298678,2.2171366214752197,100800,0.0,0.0
1992-06-02,2.2171373536744095,2.239877223968506,2.205767418527361,2.239877223968506,279200,0.0,0.0
1992-06-03,2.2398772890974836,2.3422067083963536,2.2285073536198317,2.330836772918701,294400,0.0,0.0
1992-06-04,2.353574275970459,2.3990539721244777,2.353574275970459,2.353574275970459,276000,0.0,0.0
1992-06-05,2.3422059660474654,2.364945829795499,2.2739863748033646,2.308096170425415,260000,0.0,0.0
1992-06-08,2.296726899703747,2.296726899703747,2.239877223968506,2.239877223968506,120000,0.0,0.0
1992-06-09,2.2171370884806842,2.2285070222677645,2.2057671546936035,2.2057671546936035,184000,0.0,0.0
1992-06-10,2.194397432017701,2.2171373017795424,2.1716575622558594,2.1716575622558594,103200,0.0,0.0
1992-06-11,2.171657785536751,2.2512473378862654,2.1261780413370284,2.1489179134368896,100800,0.0,0.0
1992-06-12,2.1034373267222257,2.1034373267222257,1.9897380117642678,2.0124778747558594,736800,0.0,0.0
1992-06-15,1.9897386342465522,2.0011085692993897,1.8874092187710152,1.8987791538238525,289600,0.0,0.0
1992-06-16,1.8305576634856888,1.876037356988439,1.7623381232315638,1.807817816734314,1275200,0.0,0.0
1992-06-17,1.7964491844177246,1.841928910605515,1.7737093213238293,1.7964491844177246,278400,0.0,0.0
1992-06-18,1.7737086182398512,1.7737086182398512,1.6145296396798645,1.716858983039856,668800,0.0,0.0
1992-06-19,1.7054900134864606,1.7282298803329468,1.7054900134864606,1.7282298803329468,188000,0.0,0.0
1992-06-22,1.7282294711551152,1.7282294711551152,1.637270025304846,1.6827497482299805,386400,0.0,0.0
1992-06-23,1.6713796854019165,1.6941195450672488,1.6713796854019165,1.6713796854019165,220000,0.0,0.0
1992-06-24,1.6827496426217508,1.70548950265718,1.6827496426217508,1.6941195726394653,167200,0.0,0.0
1992-06-25,1.7054894748999148,1.7054894748999148,1.6713796854019165,1.6713796854019165,364000,0.0,0.0
1992-06-26,1.6827495384216309,1.7054893970489502,1.6600096797943116,1.7054893970489502,200800,0.0,0.0
1992-06-29,1.7282291217974037,1.7964486923946696,1.716859193364526,1.785078763961792,199200,0.0,0.0
1992-06-30,1.8532994462732684,1.9442589282989502,1.8532994462732684,1.9442589282989502,584800,0.0,0.0
1992-07-01,1.9556290005880688,2.1602878494868203,1.9556290005880688,2.1489179134368896,507200,0.0,0.0
1992-07-02,2.1943972209065232,2.2171370884806842,2.0693279492486383,2.2057671546936035,1063200,0.0,0.0
1992-07-06,2.1830276820970616,2.1830276820970616,2.0920681953430176,2.0920681953430176,555200,0.0,0.0
1992-07-07,2.0579576373100283,2.080697500705719,2.0465877056121826,2.0465877056121826,792000,0.0,0.0
1992-07-08,2.080698151337473,2.080698151337473,1.8987791872861093,1.9442589282989502,449600,0.0,0.0
1992-07-09,1.9215180731955028,1.9442579320498874,1.853298496632349,1.9101481437683105,556800,0.0,0.0
1992-07-10,1.9101491225393197,1.9556288635521606,1.9101491225393197,1.9442589282989502,255200,0.0,0.0
1992-07-13,2.046588488987514,2.1830277215866816,2.046588488987514,2.1489179134368896,1636000,0.0,0.0
1992-07-14,2.171657353332362,2.2057671546936035,2.1261776181840406,2.2057671546936035,814400,0.0,0.0
1992-07-15,2.2057673668986215,2.2171373017795424,2.1602876273749385,2.1716575622558594,210400,0.0,0.0
1992-07-16,2.183028254676704,2.308097581767557,2.1602883770238215,2.262617826461792,580000,0.0,0.0
1992-07-17,2.2739851828848963,2.3080949606281695,2.228505479227198,2.296725034713745,470400,0.0,0.0
1992-07-20,2.2967264437675476,2.2967264437675476,2.2285068464279174,2.273986577987671,389600,0.0,0.0
1992-07-21,2.4104259411493936,2.501385410626729,2.38768607378006,2.4559056758880615,1901600,0.0,0.0
1992-07-22,2.43316540632162,2.535494792568791,2.387685679100655,2.52412486076355,1020000,0.0,0.0
1992-07-23,2.535494135674976,2.535494135674976,2.3649452027820406,2.3876850605010986,865600,0.0,0.0
1992-07-24,2.387686416284362,2.399056351600002,2.2285073218654046,2.2853569984436035,1016000,0.0,0.0
1992-07-27,2.2853570310080924,2.3422067083963536,2.2398772890974836,2.330836772918701,186400,0.0,0.0
1992-07-28,2.364946579351658,2.364946579351658,2.319466837441049,2.330836772918701,180000,0.0,0.0
1992-07-29,2.342205014883303,2.353574942140018,2.2398756695728674,2.319465160369873,348000,0.0,0.0
1992-07-30,2.319464886542594,2.3535746642858677,2.262615256970472,2.296725034713745,224000,0.0,0.0
1992-07-31,2.319466837441049,2.3422067083963536,2.319466837441049,2.330836772918701,235200,0.0,0.0
1992-08-03,2.3308360341734486,2.3308360341734486,2.2739863748033646,2.308096170425415,76800,0.0,0.0
1992-08-04,2.308096170425415,2.319466102299432,2.262616442929348,2.308096170425415,204000,0.0,0.0
1992-08-05,2.308097581767557,2.308097581767557,2.262617826461792,2.262617826461792,404800,0.0,0.0
1992-08-06,2.27398580434371,2.27398580434371,2.217136159235117,2.228506088256836,125600,0.0,0.0
1992-08-07,2.217136159235117,2.228506088256836,2.217136159235117,2.228506088256836,156000,0.0,0.0
1992-08-10,2.2285058016604093,2.239875729219901,2.1830260914224415,2.1943960189819336,106400,0.0,0.0
1992-08-11,2.183027287119443,2.2057671546936035,2.1034377506098796,2.2057671546936035,394400,0.0,0.0
1992-08-12,2.205766412119071,2.205766412119071,2.137546832362811,2.1830265522003174,111200,0.0,0.0
1992-08-13,2.1830277215866816,2.194397657636612,2.1489179134368896,2.1489179134368896,85600,0.0,0.0
1992-08-14,2.1602866922815642,2.1830265522003174,2.137546832362811,2.1830265522003174,93600,0.0,0.0
1992-08-17,2.1830265522003174,2.194396482159694,2.1602866922815642,2.1830265522003174,40800,0.0,0.0
1992-08-18,2.183027226874169,2.183027226874169,2.126177559507654,2.137547492980957,261600,0.0,0.0
1992-08-19,2.126178002875784,2.126178002875784,2.0693283236545064,2.0920681953430176,554400,0.0,0.0
1992-08-20,2.092067456507421,2.092067456507421,2.0693275928497314,2.0693275928497314,152800,0.0,0.0
1992-08-21,2.092067456507421,2.1148073201651103,2.0693275928497314,2.0693275928497314,181600,0.0,0.0
1992-08-24,2.0579576373100283,2.0693275690078736,2.0352177739143373,2.0465877056121826,179200,0.0,0.0
1992-08-25,2.0465872141236034,2.057957143090957,2.0124774272215435,2.03521728515625,108000,0.0,0.0
1992-08-26,2.0465872141236034,2.06932707205831,2.03521728515625,2.03521728515625,56800,0.0,0.0
1992-08-27,2.0465870061632017,2.0579569339752197,2.035217078351184,2.0579569339752197,132000,0.0,0.0
1992-08-28,2.03521728515625,2.0465872141236034,2.0238473561888966,2.03521728515625,298400,0.0,0.0
1992-08-31,2.0352180721939255,2.114807605743408,2.0352180721939255,2.114807605743408,123200,0.0,0.0
1992-09-01,2.103437692561048,2.137547492980957,2.0920677590877452,2.137547492980957,316800,0.0,0.0
1992-09-02,2.1602865141265246,2.2626158753219916,2.1602865141265246,2.228506088256836,218400,0.0,0.0
1992-09-03,2.228506272037824,2.228506272037824,2.1602866922815642,2.1830265522003174,284000,0.0,0.0
1992-09-04,2.1830277215866816,2.1830277215866816,2.1489179134368896,2.1489179134368896,265600,0.0,0.0
1992-09-08,2.1716562120953973,2.1716562120953973,2.0579569339752197,2.0579569339752197,373600,0.0,0.0
1992-09-09,2.0465877056121826,2.0465877056121826,2.0238478422164916,2.0465877056121826,1018400,0.0,0.0
1992-09-10,2.0693278921411395,2.171657293400866,2.0693278921411395,2.137547492980957,313600,0.0,0.0
1992-09-11,2.1375479387200396,2.148917874564295,2.0920681953430176,2.0920681953430176,429600,0.0,0.0
1992-09-14,2.114807887851256,2.1830274971367802,2.114807887851256,2.1716575622558594,456000,0.0,0.0
1992-09-15,2.17165616386295,2.205765946541425,2.1489163087439658,2.1943960189819336,392800,0.0,0.0
1992-09-16,2.1943960189819336,2.205765946541425,2.160286236303458,2.1943960189819336,165600,0.0,0.0
1992-09-17,2.194397432017701,2.194397432017701,2.1375477576130972,2.1716575622558594,165600,0.0,0.0
1992-09-18,2.1830258018092104,2.1830258018092104,2.1602859497070312,2.1602859497070312,131200,0.0,0.0
1992-09-21,2.1830258018092104,2.1943957278603,2.1602859497070312,2.1602859497070312,124000,0.0,0.0
1992-09-22,2.148916452326239,2.1716563089646117,2.046587097453561,2.126176595687866,986400,0.0,0.0
1992-09-23,2.148917874564295,2.148917874564295,2.0579583878102508,2.0920681953430176,322400,0.0,0.0
1992-09-24,2.080698259498762,2.1148080670315283,2.0693283236545064,2.0920681953430176,564000,0.0,0.0
1992-09-25,2.069328361087375,2.1489179134368896,2.069328361087375,2.1489179134368896,265600,0.0,0.0
1992-09-28,2.137547472471832,2.137547472471832,2.0920677390149844,2.114807605743408,132000,0.0,0.0
1992-09-29,2.1148062455026726,2.1602859497070312,2.1148062455026726,2.1602859497070312,252800,0.0,0.0
1992-09-30,2.1489179134368896,2.1830277215866816,2.137547977386959,2.1489179134368896,123200,0.0,0.0
1992-10-01,2.183027226874169,2.183027226874169,2.137547492980957,2.137547492980957,108800,0.0,0.0
1992-10-02,2.1602866922815642,2.1830265522003174,2.137546832362811,2.1830265522003174,185600,0.0,0.0
1992-10-05,2.1602866922815642,2.1830265522003174,2.137546832362811,2.1830265522003174,114400,0.0,0.0
1992-10-06,2.183028254676704,2.308097581767557,2.183028254676704,2.262617826461792,635200,0.0,0.0
1992-10-07,2.2626156321069075,2.399054765701294,2.2626156321069075,2.399054765701294,699200,0.0,0.0
1992-10-08,2.3990549893606277,2.4331647759392148,2.3649452027820406,2.3876850605010986,531200,0.0,0.0
1992-10-09,2.3876862794580593,2.4559058874425754,2.3876862794580593,2.4217960834503174,612800,0.0,0.0
1992-10-12,2.4217948767374144,2.433164805736182,2.39905501873988,2.4104249477386475,357600,0.0,0.0
1992-10-13,2.410424693500826,2.421794621300358,2.399054765701294,2.399054765701294,636800,0.0,0.0
1992-10-14,2.3990550898187175,2.4786445951681535,2.364945301811816,2.4672746658325195,548800,0.0,0.0
1992-10-15,2.455904736496886,2.490014524503787,2.455904736496886,2.4672746658325195,372800,0.0,0.0
1992-10-16,2.490015065347826,2.6264542470107206,2.4672752017373436,2.52412486076355,731200,0.0,0.0
1992-10-19,2.5241243125106885,2.5241243125106885,2.455904736496886,2.4672746658325195,156800,0.0,0.0
1992-10-20,2.490015065347826,2.5582346561792733,2.4672752017373436,2.52412486076355,672800,0.0,0.0
1992-10-21,2.5354946287054765,2.6150841461984737,2.478644973353336,2.592344284057617,343200,0.0,0.0
1992-10-22,2.6378236058670255,2.6378236058670255,2.364945301811816,2.4672746658325195,5256800,0.0,0.0
1992-10-23,2.490016195385955,2.490016195385955,2.3876867626988614,2.4445364475250244,1316000,0.0,0.0
1992-10-26,2.4559046637337163,2.4559046637337163,2.3649452317435786,2.4104249477386475,618400,0.0,0.0
1992-10-27,2.319467140907465,2.4445364475250244,2.2739873930465344,2.4445364475250244,1375200,0.0,0.0
1992-10-28,2.4217951953957932,2.490014778364689,2.3876854039113455,2.478644847869873,402400,0.0,0.0
1992-10-29,2.546864572050269,2.6378240210520647,2.4672750541736983,2.6037142276763916,9635200,0.0,0.0
1992-10-30,2.615083250506171,2.6946727407389677,2.6037133233300573,2.6378231048583984,2646400,0.0,0.0
1992-11-02,2.637823373843462,2.6833030871855907,2.580973732165801,2.6605632305145264,1497600,0.0,0.0
1992-11-03,2.637824033654254,2.660563896013343,2.5923443089360774,2.615084171295166,690400,0.0,0.0
1992-11-04,2.626454077268902,2.626454077268902,2.592344284057617,2.592344284057617,448000,0.0,0.0
1992-11-05,2.6037136763334274,2.728782892227173,2.592343747615814,2.728782892227173,2132800,0.0,0.0
1992-11-06,2.797002666578518,2.9107019619678884,2.774262807500644,2.8879621028900146,2907200,0.0,0.0
1992-11-09,3.0016609679820925,3.0016609679820925,2.8993316168008847,2.933441400527954,1580800,0.0,0.0
1992-11-10,2.9561821174621583,2.978921979904175,2.797003080368042,2.842482805252075,704800,0.0,0.0
1992-11-11,2.8424819772557695,2.956181256346,2.762892481892608,2.933441400527954,878400,0.0,0.0
1992-11-12,2.9448113284369772,2.978921112164046,2.8993316168008847,2.933441400527954,500000,0.0,0.0
1992-11-13,2.9334423177382525,2.9561821806664557,2.8879625918818452,2.8993325233459473,220800,0.0,0.0
1992-11-16,2.9220731978146537,3.0357725440331227,2.876593459327266,3.0130326747894287,2373600,0.0,0.0
1992-11-17,3.0357727923787627,3.0812525345866844,2.9789231146188606,3.0244028568267822,551200,0.0,0.0
1992-11-18,3.0016618637141264,3.1267311080355484,3.0016618637141264,3.081251382827759,1756000,0.0,0.0
1992-11-19,3.103992657715015,3.160842340090748,3.0244031023889892,3.0357730388641357,638400,0.0,0.0
1992-11-20,3.0244017383631534,3.1381010518354526,3.0244017383631534,3.092621326446533,380000,0.0,0.0
1992-11-23,3.092621152581721,3.1608407368298472,3.0585113604576577,3.149470806121826,373600,0.0,0.0
1992-11-24,3.1267318239918462,3.183581493518971,3.035772352748447,3.0698821544647217,888800,0.0,0.0
1992-11-25,3.1381001933928463,3.2631694039990826,3.1267302651559157,3.1722099781036377,1328800,0.0,0.0
1992-11-27,3.1608402729034424,3.2063199890603267,3.1608402729034424,3.1608402729034424,127200,0.0,0.0
1992-11-30,3.1381007315407334,3.2290601730346675,3.1381007315407334,3.229060173034668,540800,0.0,0.0
1992-12-01,3.2290607189310006,3.3200201758022967,3.206320854713177,3.2972803115844727,630400,0.0,0.0
1992-12-02,3.297279740390845,3.297279740390845,3.1835804389980575,3.2176902294158936,408800,0.0,0.0
1992-12-03,3.1949505158092664,3.2063204464705093,3.1381008625030518,3.1381008625030518,636000,0.0,0.0
1992-12-04,3.1381007184409424,3.217690229415894,3.1381007184409424,3.2176902294158936,248800,0.0,0.0
1992-12-07,3.206320978913989,3.2290608440126696,3.1494713161672867,3.1835811138153076,368000,0.0,0.0
1992-12-08,3.1835801309818845,3.2063199890603267,3.1494703438642215,3.1608402729034424,605600,0.0,0.0
1992-12-09,3.1608402137338683,3.1608402137338683,3.0585108542964408,3.1153604984283447,931200,0.0,0.0
1992-12-10,3.115361060804993,3.115361060804993,2.9561820285010882,2.978921890258789,2073600,0.0,0.0
1992-12-11,2.978921112164046,3.0016609679820925,2.910701544709908,2.933441400527954,232000,0.0,0.0
1992-12-14,2.922071472618931,2.9902910400730693,2.922071472618931,2.933441400527954,87200,0.0,0.0
1992-12-15,2.933442102795909,2.9448120334269006,2.8652225190099574,2.922072172164917,796800,0.0,0.0
1992-12-16,2.910702659970238,2.9561823890322727,2.8424830663771856,2.865222930908203,549600,0.0,0.0
1992-12-17,2.865222930908203,2.865222930908203,2.774263472784133,2.865222930908203,934400,0.0,0.0
1992-12-18,2.9789221521579856,3.1039914028211073,2.9789221521579856,3.001662015914917,1174400,0.0,0.0
1992-12-21,3.0357718115503136,3.0357718115503136,2.9561822884010542,3.001662015914917,389600,0.0,0.0
1992-12-22,2.990291755950868,3.013031617212852,2.922072172164917,2.922072172164917,160800,0.0,0.0
1992-12-23,2.910702304985687,2.978921890258789,2.876592512349136,2.978921890258789,296000,0.0,0.0
1992-12-24,2.978922673760737,3.0585122108459473,2.978922673760737,3.0585122108459473,92800,0.0,0.0
1992-12-28,3.0357716697103836,3.1608409145299126,3.0357716697103836,3.092621326446533,488000,0.0,0.0
1992-12-29,3.0698814637520733,3.1153611891409927,3.0698814637520733,3.092621326446533,300800,0.0,0.0
1992-12-30,3.0926216534205846,3.183581113815308,3.0926216534205846,3.1835811138153076,258400,0.0,0.0
1992-12-31,3.1835801309818845,3.2063199890603267,3.1494703438642215,3.1608402729034424,559200,0.0,0.0
1993-01-04,3.1835787685204906,3.217688541040353,3.1608389201739158,3.2063186168670654,341600,0.0,0.0
1993-01-05,3.183579687344826,3.4109782364408847,3.183579687344826,3.35412859916687,811200,0.0,0.0
1993-01-06,3.376869388000957,3.445088971596936,3.320019735004308,3.3313896656036377,505600,0.0,0.0
1993-01-07,3.320020152462853,3.320020152462853,3.2745404243469234,3.274540424346924,432800,0.0,0.0
1993-01-08,3.2745400439100574,3.2859099746180784,3.126730944705784,3.149470806121826,381600,0.0,0.0
1993-01-11,3.149470661727475,3.2290601730346675,3.1381007315407334,3.229060173034668,438400,0.0,0.0
1993-01-12,3.2290606962309942,3.285910356375906,3.2290606962309942,3.274540424346924,455200,0.0,0.0
1993-01-13,3.2859103679656982,3.297280300034784,3.274540435896613,3.2859103679656982,248000,0.0,0.0
1993-01-14,3.297280097660953,3.3313898917746867,3.2745402349184634,3.3200199604034424,233600,0.0,0.0
1993-01-15,3.2972789618928555,3.365498526621673,3.2972789618928555,3.35412859916687,242400,0.0,0.0
1993-01-18,3.3427586447108877,3.5133075551553206,3.320018789984963,3.5019376277923584,548800,0.0,0.0
1993-01-19,3.4564567062090026,3.7293348672255027,3.4564567062090026,3.615635633468628,1108000,0.0,0.0
1993-01-20,3.63837709852085,3.661116955386605,3.570157527923584,3.570157527923584,709600,0.0,0.0
1993-01-21,3.5815306371305047,3.7520797150891,3.5701606985999317,3.729339838027954,908000,0.0,0.0
1993-01-22,3.7407068768326117,3.9112558225848586,3.7293369471157956,3.899885892868042,700000,0.0,0.0
1993-01-25,3.9112570594985483,3.968106726061027,3.7748178597485986,3.945366859436035,677600,0.0,0.0
1993-01-26,3.922627895109115,4.0022174466040825,3.8657782154698523,3.877148151397705,988800,0.0,0.0
1993-01-27,3.8771463661308747,3.8771463661308747,3.7634470592062157,3.7748169898986816,393600,0.0,0.0
1993-01-28,3.854405077546835,3.854405077546835,3.627006547898054,3.638376474380493,660800,0.0,0.0
1993-01-29,3.6270061639639044,3.6270061639639044,3.5019369858961835,3.5474166870117188,660800,0.0,0.0
1993-02-01,3.5701575430612715,3.6497470424288796,3.536047757618011,3.5815274715423584,693600,0.0,0.0
1993-02-02,3.5587875455435065,3.71796654119082,3.5587875455435065,3.706596612930298,903200,0.0,0.0
1993-02-03,3.7520774486845574,3.9112564919620842,3.7293375853591963,3.8544068336486816,652800,0.0,0.0
1993-02-04,4.184136466374473,4.320575698973641,4.127286786124819,4.297835826873779,2574400,0.0,0.0
1993-02-05,4.343312617929223,4.479751757759461,4.184133621460614,4.252353191375732,2639200,0.0,0.0
1993-02-08,4.263721263571961,4.297831033680537,4.138652106507184,4.150022029876709,1002400,0.0,0.0
1993-02-09,4.138654858458276,4.138654858458276,4.036325480089801,4.059065341949463,845600,0.0,0.0
1993-02-10,4.047694881542309,4.206873893737793,4.047694881542309,4.206873893737793,726400,0.0,0.0
1993-02-11,4.222808969343031,4.348013547948889,4.200044500505602,4.211426734924316,844800,0.00625,0.0
1993-02-12,4.325250691555916,4.370779646203873,4.211428304936024,4.279721736907959,1112000,0.0,0.0
1993-02-16,4.3024828218433955,4.3024828218433955,3.9837803905957365,4.154513835906982,1661600,0.0,0.0
1993-02-17,4.120370798456304,4.143135278005786,4.074841839357339,4.08622407913208,681600,0.0,0.0
1993-02-18,4.108984917157317,4.154513835906982,4.108984917157317,4.154513835906982,776800,0.0,0.0
1993-02-19,4.154518188341804,4.18866491317749,4.120371463506118,4.18866491317749,630400,0.0,0.0
1993-02-22,4.188663122389052,4.188663122389052,4.074840754932827,4.097605228424072,457600,0.0,0.0
1993-02-23,4.074840253175691,4.086222488519757,3.847195546294367,3.9154889583587646,1814400,0.0,0.0
1993-02-24,3.9382555977157927,4.234193879625072,3.915491114492002,4.18866491317749,1061600,0.0,0.0
1993-02-25,4.200043857406458,4.3935418128967285,4.200043857406458,4.3935418128967285,1656800,0.0,0.0
1993-02-26,4.382160220827375,4.473218095545866,4.382160220827375,4.461835861206055,1397600,0.0,0.0
1993-03-01,4.507365897488411,4.53013037171815,4.4504547119140625,4.4504547119140625,840800,0.0,0.0
1993-03-02,4.439073220597512,4.461837698651858,4.302486352271435,4.348015308380127,1095200,0.0,0.0
1993-03-03,4.336632542937767,4.541512820556873,4.279721354710237,4.473219394683838,3117600,0.0,0.0
1993-03-04,4.473216973263911,4.552892593652835,4.461834741779779,4.5187458992004395,1281600,0.0,0.0
1993-03-05,4.541511905836875,4.541511905836875,4.416307316954154,4.427689552307129,1044000,0.0,0.0
1993-03-08,4.427691723489519,4.5073674100304615,4.370780518817417,4.484602928161621,366400,0.0,0.0
1993-03-09,4.495982564225488,4.495982564225488,4.393542455167187,4.461835861206055,751200,0.0,0.0
1993-03-10,4.484601423258671,4.484601423258671,4.4049257634545835,4.4504547119140625,350400,0.0,0.0
1993-03-11,4.450455597995482,4.450455597995482,4.416308879852295,4.416308879852295,474400,0.0,0.0
1993-03-12,4.38216149351979,4.484601632329344,4.370779255874284,4.473219394683838,1141600,0.0,0.0
1993-03-15,4.518747642162668,4.65533447265625,4.518747642162668,4.65533447265625,1595200,0.0,0.0
1993-03-16,4.655333260224329,4.826066753875588,4.655333260224329,4.80330228805542,1497600,0.0,0.0
1993-03-17,4.78053850947686,4.917125324033341,4.735009571291365,4.8260674476623535,2498400,0.0,0.0
1993-03-18,4.848831852367636,5.0309476026913025,4.848831852367636,4.996800899505615,2564800,0.0,0.0
1993-03-19,4.996801911277332,5.030948621377178,4.894361780977797,4.951272964477539,943200,0.0,0.0
1993-03-22,4.9626545906066895,5.144770355399595,4.689480943417331,4.9626545906066895,911200,0.0,2.0
1993-03-23,4.894359847095525,4.962653240310812,4.87159538269043,4.87159538269043,573200,0.0,0.0
1993-03-24,4.780540119097071,4.803304595854676,4.59842430503623,4.68948221206665,762400,0.0,0.0
1993-03-25,4.643954002566454,4.666718482971191,4.598425041756979,4.666718482971191,546800,0.0,0.0
1993-03-26,4.780539943747325,4.985420227050781,4.780539943747325,4.985420227050781,2597600,0.0,0.0
1993-03-29,5.235826808865331,5.4407069883426695,5.099240022547105,5.417942523956299,1814400,0.0,0.0
1993-03-30,5.509002569245129,5.7366473035114565,5.509002569245129,5.60006046295166,3454800,0.0,0.0
1993-03-31,5.691119129695589,5.941528371402195,5.622825700139242,5.736648082733154,2475600,0.0,0.0
1993-04-01,5.804937584325671,5.918759889900684,5.6000574342906475,5.827702045440674,1931200,0.0,0.0
1993-04-02,5.782175540924072,5.85046895282475,5.645588717122716,5.782175540924072,1478000,0.0,0.0
1993-04-05,5.804941525330414,5.964292861319877,5.713883619050722,5.895999431610107,876400,0.0,0.0
1993-04-06,5.987056286480962,5.987056286480962,5.486237889893201,5.577295780181885,1194000,0.0,0.0
1993-04-07,5.3724135951835565,5.486235917115412,5.349649130797186,5.417942523956299,1296000,0.0,0.0
1993-04-08,5.463473622391864,5.7821762503647225,5.44070914896523,5.60006046295166,715600,0.0,0.0
1993-04-12,5.645588410967519,5.850468635559082,5.645588410967519,5.850468635559082,1040000,0.0,0.0
1993-04-13,5.964291410756025,6.374051889357584,5.918762468689185,6.305758476257324,1731200,0.0,0.0
1993-04-14,6.351288288831711,6.738284349441528,6.282994866371155,6.556168556213379,1574400,0.0,0.0
1993-04-15,6.556167657624943,6.556167657624943,6.123642707989965,6.305758476257324,1594400,0.0,0.0
1993-04-16,6.305758869693307,6.305758869693307,5.873233893071744,5.987056255340576,1157200,0.0,0.0
1993-04-19,5.964291839307295,6.009820784645519,5.918762893969071,5.941527366638184,411200,0.0,0.0
1993-04-20,5.918759889900684,5.96428881213069,5.736644200980663,5.827702045440674,1056000,0.0,0.0
1993-04-21,5.8504718730324194,6.2374680669684155,5.8504718730324194,6.055352210998535,1184000,0.0,0.0
1993-04-22,6.05534994329205,6.100878890234096,5.964292049407959,5.964292049407959,741200,0.0,0.0
1993-04-23,5.918764654195534,6.078116010270029,5.873235695317106,6.032587051391602,500000,0.0,0.0
1993-04-26,5.941527155729441,6.055349515034602,5.782175852702214,5.918762683868408,679600,0.0,0.0
1993-04-27,5.736647714268077,6.100879315173987,5.736647714268077,6.00982141494751,1325200,0.0,0.0
1993-04-28,5.964292861319877,6.146408673879263,5.827706001900338,5.895999431610107,654000,0.0,0.0
1993-04-29,5.873233923620107,5.873233923620107,5.577295780181885,5.577295780181885,852400,0.0,0.0
1993-04-30,5.62282379468282,5.62282379468282,5.21306335620391,5.32688570022583,3509600,0.0,0.0
1993-05-03,5.377010934146834,5.65041826978142,5.377010934146834,5.536498546600342,2407200,0.00625,0.0
1993-05-04,5.604849939760955,5.832689368206522,5.604849939760955,5.764337539672852,2018000,0.0,0.0
1993-05-05,5.809905183224277,6.083312485964243,5.809905183224277,5.969392776489258,993600,0.0,0.0
1993-05-06,5.923824892699263,6.128880369754238,5.901040950804266,5.969392776489258,735200,0.0,0.0
1993-05-07,5.94661065269919,5.969394601560107,5.764339061811858,5.809906959533691,752400,0.0,0.0
1993-05-10,5.787123101230725,6.014962593405163,5.787123101230725,5.855474948883057,709600,0.0,0.0
1993-05-11,5.764339328268935,5.969394877495894,5.764339328268935,5.946610927581787,433200,0.0,0.0
1993-05-12,5.901043027753574,6.037746727238213,5.855475127925361,5.946610927581787,508800,0.0,0.0
1993-05-13,5.901040520255021,5.9238244604876655,5.764336878859152,5.787120819091797,369200,0.0,0.0
1993-05-14,5.764339061811858,5.832690908394608,5.764339061811858,5.809906959533691,222800,0.0,0.0
1993-05-17,5.809905183224277,5.969392776489258,5.741553357539286,5.969392776489258,412000,0.0,0.0
1993-05-18,5.923826977667681,5.99217882741,5.901043027753574,5.946610927581787,527200,0.0,0.0
1993-05-19,5.969393066580305,6.0377448955869495,5.90104123757366,5.9921770095825195,857200,0.0,0.0
1993-05-20,5.946610435195591,6.402289395746977,5.946610435195591,6.288369655609131,1240000,0.0,0.0
1993-05-21,6.288372647631299,6.402292441972445,6.197236812158382,6.220020771026611,843600,0.0,0.0
1993-05-24,6.128880055281368,6.288367640363039,6.128880055281368,6.242799758911133,255600,0.0,0.0
1993-05-25,6.242801759553992,6.3339375516642695,6.220017811526422,6.288369655609131,206400,0.0,0.0
1993-05-26,6.333935640296158,6.744046581034758,6.3111516991440135,6.698478698730469,1608400,0.0,0.0
1993-05-27,6.675697312259033,7.017456560326902,6.675697312259033,6.78961706161499,1606000,0.0,0.0
1993-05-28,6.6984803196513205,6.7668321596477625,6.607344532989398,6.67569637298584,435600,0.0,0.0
1993-06-01,6.652914570326789,6.880754110406474,6.63013061631882,6.812402248382568,298400,0.0,0.0
1993-06-02,6.766833523211007,7.199728597086458,6.766833523211007,7.13137674331665,945200,0.0,0.0
1993-06-03,7.17693906563979,7.336426600431785,7.040235464389507,7.108587265014648,1415200,0.0,0.0
1993-06-04,7.063024802989899,7.108592704944672,6.857969244193418,7.085808753967285,504400,0.0,0.0
1993-06-07,6.994671077667912,7.199726581573486,6.949103187911119,7.199726581573486,395200,0.0,0.0
1993-06-08,7.15415731343356,7.199725194410844,6.971885789524425,7.017453670501709,518000,0.0,0.0
1993-06-09,7.063022581736246,7.131374413172404,6.835183143615723,6.835183143615723,554400,0.0,0.0
1993-06-10,6.789617474467609,7.176944645829855,6.789617474467609,7.13137674331665,442000,0.0,0.0
1993-06-11,7.2680752873420715,7.359211027622223,7.199723482131958,7.290859222412109,858000,0.0,0.0
1993-06-14,7.359215062535451,7.609838485717773,7.2908632198493635,7.609838485717773,702000,0.0,0.0
1993-06-15,7.495917175797855,7.769324489200816,7.495917175797855,7.746540546417236,1034400,0.0,0.0
1993-06-16,7.81489646503691,8.019952057413972,7.792112510328348,7.883248329162598,854800,0.0,0.0
1993-06-17,7.837677267825964,7.837677267825964,7.222510738083811,7.518702030181885,1871600,0.0,0.0
1993-06-18,7.564270497826626,7.609838392391847,7.381998919565743,7.450350761413574,598400,0.0,0.0
1993-06-21,7.564268003878909,7.564268003878909,7.176941027776675,7.222508907318115,587200,0.0,0.0
1993-06-22,7.268077830600131,7.268077830600131,6.94910262800326,7.154158115386963,895200,0.0,0.0
1993-06-23,7.108589432456276,7.199725194410844,7.017453670501708,7.017453670501709,525200,0.0,0.0
1993-06-24,7.040241731661502,7.3136491775512695,7.040241731661502,7.3136491775512695,395600,0.0,0.0
1993-06-25,7.40478295765951,7.609838485717773,7.359215062535451,7.609838485717773,368800,0.0,0.0
1993-06-28,7.700974178597199,7.860461809514892,7.6554062840492865,7.678190231323242,617200,0.0,0.0
1993-06-29,7.678188718066496,7.837676317551557,7.655404775282916,7.746540546417236,565200,0.0,0.0
1993-06-30,7.746541301409404,7.746541301409404,7.564269741376242,7.655405521392822,299200,0.0,0.0
1993-07-01,7.655405521392822,7.7009734114011135,7.609837631384532,7.655405521392822,262800,0.0,0.0
1993-07-02,7.655403091107971,7.655403091107971,7.518699464481042,7.541483402252197,243600,0.0,0.0
1993-07-06,7.587051252149186,7.6326191275374695,7.222508249042919,7.2452921867370605,401600,0.0,0.0
1993-07-07,7.290865694796358,7.58705711364746,7.268081739500119,7.587057113647461,349600,0.0,0.0
1993-07-08,7.564272536560237,7.8148960242173535,7.518704629713489,7.7693281173706055,560000,0.0,0.0
1993-07-09,7.746540280275568,7.88324393228043,7.655404512272325,7.837676048278809,340400,0.0,0.0
1993-07-12,7.837678512616714,8.088301953427132,7.792110614287547,7.997166156768799,568000,0.0,0.0
1993-07-13,8.08830166544233,8.08830166544233,7.906030078615461,7.974381923675537,544000,0.0,0.0
1993-07-14,7.974383381829746,7.9971673343492595,7.860463619232178,7.860463619232178,311600,0.0,0.0
1993-07-15,7.906028373193604,7.997164146947997,7.883244429755005,7.951596260070801,240800,0.0,0.0
1993-07-16,7.974380751450857,7.974380751450857,7.564269741376242,7.655405521392822,346800,0.0,0.0
1993-07-19,7.700972396273946,7.928811816282051,7.700972396273946,7.837676048278809,268800,0.0,0.0
1993-07-20,7.837674842483695,8.019946350448432,7.723755150005735,7.9288105964660645,514400,0.0,0.0
1993-07-21,7.974378090331008,8.270569276543302,7.883242340727225,8.156649589538574,505600,0.0,0.0
1993-07-22,8.475629558193386,8.498413508618638,8.225006103515625,8.225006103515625,1452800,0.0,0.0
1993-07-23,8.338919339114673,8.452839002217331,8.247783608632545,8.31613540649414,625200,0.0,0.0
1993-07-26,8.29335926879536,8.338927176865665,8.019951820373535,8.019951820373535,970800,0.0,0.0
1993-07-27,8.070098797036284,8.161286354064941,8.024505018521953,8.161286354064941,772000,0.00625,0.0
1993-07-28,8.161294002753461,8.161294002753461,7.864934164664649,7.887731075286865,957600,0.0,0.0
1993-07-29,7.933319780409848,8.02450736409272,7.842132196726976,7.956116676330566,436800,0.0,0.0
1993-07-30,7.956117779016494,8.0473053753376,7.933320879936217,8.024508476257324,276400,0.0,0.0
1993-08-02,7.956117031982591,8.298070486079263,7.956117031982591,8.252476692199707,504800,0.0,0.0
1993-08-03,8.41205558419865,8.526040077209473,8.343664888392158,8.526040077209473,551600,0.0,0.0
1993-08-04,8.571636343515047,8.594433248683972,8.389261102163664,8.480448722839355,573600,0.0,0.0
1993-08-05,8.526041074342364,9.004776000976562,8.526041074342364,9.004776000976562,1108800,0.0,0.0
1993-08-06,8.959185363710388,8.959185363710388,8.799606998453461,8.822403907775879,877200,0.0,0.0
1993-08-09,8.890791494635087,9.141557408586333,8.890791494635087,9.004776000976562,746400,0.0,0.0
1993-08-10,9.095963371090772,9.437916881282154,9.073166470411346,9.346729278564453,920800,0.0,0.0
1993-08-11,9.392323254980584,9.757073672649732,9.392323254980584,9.73427677154541,1388000,0.0,0.0
1993-08-12,9.734273617251315,10.00783634185791,9.620289148665234,10.00783634185791,2106400,0.0,0.0
1993-08-13,10.053433418273926,10.372590034727066,10.007839615923476,10.053433418273926,1532000,0.0,0.0
1993-08-16,10.099029032689222,10.167419748486214,9.43791877998496,9.665887832641602,1464000,0.0,0.0
1993-08-17,9.757073422135978,9.98504242732607,9.757073422135978,9.916651725769043,624400,0.0,0.0
1993-08-18,9.916647207652423,10.00783476818256,9.52910007539934,9.643084526062012,1588000,0.0,0.0
1993-08-19,9.551901562710835,9.779870573754053,9.48351085939787,9.73427677154541,606800,0.0,0.0
1993-08-20,9.68868152810893,9.985041198380497,9.68868152810893,9.939447402954102,427200,0.0,0.0
1993-08-23,9.939452514973786,10.714547435866235,9.916655605535771,10.691750526428223,2021600,0.0,0.0
1993-08-24,10.577763841863264,10.668951461189671,10.258607174220838,10.39538860321045,1862000,0.0,0.0
1993-08-25,10.4409783152574,10.4409783152574,10.258603148178668,10.418181419372559,488800,0.0,0.0
1993-08-26,10.395385357218052,10.395385357218052,9.916650505240904,9.939447402954102,609600,0.0,0.0
1993-08-27,9.962245546315051,10.1674176513879,9.916651745187751,10.0762300491333,666800,0.0,0.0
1993-08-30,10.076229483912138,10.121823282481877,9.962244987487793,9.962244987487793,434000,0.0,0.0
1993-08-31,9.985042280620998,9.985042280620998,9.711479478412205,9.848260879516602,749200,0.0,0.0
1993-09-01,9.802667003207736,10.281401903364394,9.779870103200276,10.258605003356934,737600,0.0,0.0
1993-09-02,10.395385917980002,10.440979715865879,9.871057242292414,9.893854141235352,1626400,0.0,0.0
1993-09-03,9.665886607450597,9.802668021706975,9.369526876561782,9.68868350982666,1544000,0.0,0.0
1993-09-07,9.643083937314092,9.665880826054789,8.776802165167673,8.936380386352539,3186000,0.0,0.0
1993-09-08,8.936387153009914,9.323934555053711,8.936387153009914,9.323934555053711,1604000,0.0,0.0
1993-09-09,9.301136691071266,9.825465475126755,9.164355269143748,9.802668571472168,1146800,0.0,0.0
1993-09-10,9.87105667007553,9.87105667007553,9.597493898618472,9.779869079589844,882800,0.0,0.0
1993-09-13,9.77987000840535,9.77987000840535,9.574697910326917,9.620291709899902,353200,0.0,0.0
1993-09-14,9.665886314169875,9.757073920907326,9.369526592273155,9.39232349395752,788400,0.0,0.0
1993-09-15,9.346727316849588,9.665883859376159,9.209945941481058,9.597493171691895,1612400,0.0,0.0
1993-09-16,9.643090245890063,9.962246897054273,9.59749643858089,9.802668571472168,427600,0.0,0.0
1993-09-17,9.779871667817583,9.871059282435928,9.711480956853823,9.802668571472168,225600,0.0,0.0
1993-09-20,9.779873170585274,9.985045335003148,9.711482449112651,9.757076263427734,317600,0.0,0.0
1993-09-21,9.688680755270914,9.734274547060425,9.460711796323364,9.597493171691895,329600,0.0,0.0
1993-09-22,9.529106363017906,10.190216613083741,9.529106363017906,10.144622802734375,904000,0.0,0.0
1993-09-23,10.07622951215452,10.144620210200817,9.985041914759456,10.12182331085205,468400,0.0,0.0
1993-09-24,10.213010962873566,10.623355153346166,10.213010962873566,10.440979957580566,1255600,0.0,0.0
1993-09-27,10.486576222536858,10.53217003220006,10.258607174220838,10.39538860321045,548800,0.0,0.0
1993-09-28,10.532166860904931,11.033698616186118,10.418182371068298,10.988104820251465,960800,0.0,0.0
1993-09-29,10.942513323844748,11.170482351424846,10.66895049074863,10.714544296264648,1926000,0.0,0.0
1993-09-30,10.760136604309082,10.942511800992287,10.714542805138281,10.760136604309082,520400,0.0,0.0
1993-10-01,10.668949005967479,10.782933503894482,10.509370708869675,10.760136604309082,573600,0.0,0.0
1993-10-04,10.782933795801267,10.965308997421584,10.760136895598727,10.896918296813965,498000,0.0,0.0
1993-10-05,10.896919129572519,11.147685050964355,10.874122227627806,11.147685050964355,523600,0.0,0.0
1993-10-06,11.102089160964601,11.558027114186967,11.033698467981248,11.489636421203613,1075200,0.0,0.0
1993-10-07,11.444043398868699,11.444043398868699,11.147683709256562,11.26166820526123,547200,0.0,0.0
1993-10-08,11.238871306060297,11.307262003663098,11.124886810055628,11.26166820526123,182800,0.0,0.0
1993-10-11,11.352853775024414,11.603619621460696,11.2844630896327,11.352853775024414,440000,0.0,0.0
1993-10-12,11.398450311911533,11.489637914406826,11.398450311911533,11.44404411315918,353200,0.0,0.0
1993-10-13,11.48963514580784,11.649213411721838,11.330056879893842,11.352853775024414,410000,0.0,0.0
1993-10-14,11.307261129063884,11.58082389831543,11.19327664187574,11.58082389831543,642400,0.0,0.0
1993-10-15,11.854389041077857,11.899982845082002,11.603623119055056,11.626420021057129,625600,0.0,0.0
1993-10-18,11.60362083657274,11.80879291423316,11.535230144019266,11.740402221679688,565200,0.0,0.0
1993-10-19,11.69480720198298,11.69480720198298,11.26166619450213,11.352853775024414,525600,0.0,0.0
1993-10-20,11.421243354308704,11.421243354308704,10.851321031239408,11.033696174621582,801200,0.0,0.0
1993-10-21,11.10209015073109,11.512434345213965,11.033699451650612,11.079293251037598,1687200,0.0,0.0
1993-10-22,11.124890728386081,11.284469078998175,11.033703099464883,11.17048454284668,832400,0.0,0.0
1993-10-25,11.124881984806862,11.17047576343312,10.691741087857416,10.851319313049316,737600,0.0,0.0
1993-10-26,10.76014060725876,10.82853133145744,10.440983894331595,10.509374618530273,1090800,0.0,0.0
1993-10-27,10.445517550457964,10.468324357336694,10.03499502664084,10.377097129821777,1883600,0.00625,0.0
1993-10-28,10.445515011202904,10.85603743522398,10.445515011202904,10.605162620544434,1169200,0.0,0.0
1993-10-29,10.65077398152187,10.719194371124793,10.491126405781714,10.582353591918945,259600,0.0,0.0
1993-11-01,10.582354842707481,10.582354842707481,10.377093649637725,10.468320846557617,542800,0.0,0.0
1993-11-02,10.422701981035583,10.445508768740257,10.126213740874833,10.17182731628418,748800,0.0,0.0
1993-11-03,10.126217782908473,10.126217782908473,9.692888643549777,9.9209566116333,1202000,0.0,0.0
1993-11-04,9.875338345978436,9.875338345978436,9.442009411628343,9.601656913757324,780800,0.0,0.0
1993-11-05,9.3963953446005,9.806917471306345,9.077100357162617,9.761303901672363,1386000,0.0,0.0
1993-11-08,9.761308016351691,9.898148782936062,9.692887633059506,9.715694427490234,508400,0.0,0.0
1993-11-09,9.761312834882506,9.852540057638418,9.30517672110295,9.442017555236816,607600,0.0,0.0
1993-11-10,9.487627713185436,9.670082092285156,9.305173334085717,9.670082092285156,571600,0.0,0.0
1993-11-11,9.715690843849455,9.85253155996001,9.5788501277389,9.601656913757324,445600,0.0,0.0
1993-11-12,9.55604323651417,9.578850022281507,9.373588950375476,9.464816093444824,190000,0.0,0.0
1993-11-15,9.48762287921216,9.48762287921216,9.373588950375476,9.464816093444824,242000,0.0,0.0
1993-11-16,9.419206187725067,9.44201298236847,8.894649910926818,9.12271785736084,1343200,0.0,0.0
1993-11-17,9.350782073273951,9.601656714264227,8.894646362382538,8.94025993347168,1422000,0.0,0.0
1993-11-18,8.917454548435664,8.917454548435664,8.415705187654117,8.643773078918457,1303200,0.0,0.0
1993-11-19,8.506935686535305,8.552549282709759,7.982379330529107,8.210447311401367,4482800,0.0,0.0
1993-11-22,8.392896158854166,8.71219112141927,8.301669026692707,8.552543640136719,1975200,0.0,0.0
1993-11-23,8.666584072400576,9.191140476782717,8.598163671828994,9.077106475830078,1763200,0.0,0.0
1993-11-24,9.213940403572213,9.556042151229597,9.213940403572213,9.327974319458008,1668400,0.0,0.0
1993-11-26,9.419206619262695,9.533240597704133,9.305172640821258,9.419206619262695,274000,0.0,0.0
1993-11-29,9.464819340909262,9.73850086401989,9.3507853729465,9.624466896057129,1001200,0.0,0.0
1993-11-30,9.578852619198587,9.647272995050006,9.44201186749575,9.510432243347168,1035600,0.0,0.0
1993-12-01,9.55604847015873,9.898150444030762,9.55604847015873,9.898150444030762,1087200,0.0,0.0
1993-12-02,10.012183857393694,10.217445029868735,9.875343075743666,10.12621784210205,1500000,0.0,0.0
1993-12-03,10.399897960555734,10.62796589828722,10.263057197916844,10.559545516967773,1638400,0.0,0.0
1993-12-06,10.71918903468464,10.764802605044999,10.080599049639597,10.354280471801758,1301200,0.0,0.0
1993-12-07,10.308672844279895,10.308672844279895,9.94376407103105,10.034991264343262,775600,0.0,0.0
1993-12-08,10.012185755835638,10.399901377360026,9.761310941908095,10.263060569763184,705600,0.0,0.0
1993-12-09,10.285866045951844,10.285866045951844,9.989377667687156,10.034991264343262,326400,0.0,0.0
1993-12-10,10.034985319476261,10.034985319476261,9.73849711685537,9.761303901672363,742000,0.0,0.0
1993-12-13,9.76130702422302,9.76130702422302,9.578852687321655,9.647273063659668,440800,0.0,0.0
1993-12-14,9.670077271812604,9.715690843849455,9.510429769683622,9.601656913757324,366000,0.0,0.0
1993-12-15,9.62446369977575,9.715690843849455,9.533236555702047,9.601656913757324,477600,0.0,0.0
1993-12-16,9.601661700122762,9.829729673997411,9.601661700122762,9.670082092285156,315600,0.0,0.0
1993-12-17,9.692889259707544,10.012184435321439,9.670082461449407,9.898150444030762,698400,0.0,0.0
1993-12-20,9.920960096957721,10.217448559625423,9.920960096957721,10.103414535522461,701200,0.0,0.0
1993-12-21,10.034988181931633,10.37709005177021,10.034988181931633,10.217442512512207,554400,0.0,0.0
1993-12-22,10.217445087222337,10.377092666710187,10.14902469601326,10.3314790725708,433200,0.0,0.0
1993-12-23,10.30867221763542,10.445512999285448,10.103411045160378,10.12621784210205,424000,0.0,0.0
1993-12-27,10.126213740874833,10.194634103988854,9.989373014646796,10.17182731628418,305600,0.0,0.0
1993-12-28,10.171829552191749,10.308670308499263,10.171829552191749,10.194636344909668,395200,0.0,0.0
1993-12-29,10.194639516680427,10.263059916121236,10.12621911723962,10.149025917053223,520000,0.0,0.0
1993-12-30,10.126218077193858,10.126218077193858,9.761309317655341,9.806922912597656,663600,0.0,0.0
1993-12-31,9.852530700540655,9.852530700540655,9.624462860250361,9.738496780395508,569200,0.0,0.0
1994-01-03,9.692892417815573,9.692892417815573,9.30517672110295,9.442017555236816,880400,0.0,0.0
1994-01-04,9.464824360925794,9.51043797230375,9.350790332480905,9.442017555236816,791600,0.0,0.0
1994-01-05,9.48762467107162,9.48762467107162,9.213943190175323,9.259556770324707,727200,0.0,0.0
1994-01-06,9.25955900337538,9.327979390099827,8.803423091879054,9.282365798950195,1518000,0.0,0.0
1994-01-07,9.305173334085717,9.692888889672622,9.305173334085717,9.670082092285156,1505200,0.0,0.0
1994-01-10,9.670078523403705,9.670078523403705,9.396397055760204,9.556044578552246,914800,0.0,0.0
1994-01-11,9.533240072044409,9.829728399643876,9.373592511029312,9.715694427490234,1507200,0.0,0.0
1994-01-12,9.670085243931204,10.103414535522461,9.670085243931204,10.103414535522461,1099600,0.0,0.0
1994-01-13,10.103412306686332,10.19463950584377,9.898151108582095,10.080605506896973,907200,0.0,0.0
1994-01-14,10.057798062671315,10.126218457655472,9.94376407103105,10.034991264343262,648400,0.0,0.0
1994-01-17,10.080607709926289,10.513937000624477,10.080607709926289,10.445516586303711,1290000,0.0,0.0
1994-01-18,10.42270819136971,10.491128595251785,10.26306058231153,10.399901390075684,780400,0.0,0.0
1994-01-19,10.399895999833323,10.42270278930664,10.331475631413365,10.42270278930664,501600,0.0,0.0
1994-01-20,10.399901725590102,10.719196954007343,10.354288121530496,10.696390151977539,767200,0.0,0.0
1994-01-21,10.764810882696583,10.878844896284471,10.673583671826274,10.856038093566895,984000,0.0,0.0
1994-01-24,10.878841150421458,11.10690909906761,10.810420765827612,11.061295509338379,1246400,0.0,0.0
1994-01-25,11.129720052083334,11.152526855468752,10.673583984375,10.87884521484375,956000,0.0,0.0
1994-01-26,10.833223864563509,10.856030651646801,10.513928845397427,10.673576354980469,887600,0.0,0.0
1994-01-27,11.106906759524774,11.585849350797917,11.061293179403522,11.426201820373535,3244800,0.0,0.0
1994-01-28,11.813915503181615,12.224437663523833,11.654267996381863,12.156017303466797,3847600,0.0,0.0
1994-01-31,12.452512772018844,12.726194371403874,12.361285572223835,12.657773971557617,2730000,0.0,0.0
1994-02-01,12.726190745830536,12.748997539281845,12.224441289901733,12.406895637512207,2090800,0.0,0.0
1994-02-02,12.42969799041748,12.680572628756181,12.338470849203407,12.42969799041748,1109200,0.0,0.0
1994-02-03,12.452507060733648,12.566541008176264,12.338473113291032,12.520927429199219,940400,0.0,0.0
1994-02-04,12.516358959582425,12.539199030676553,11.762636613476184,11.785476684570312,1612800,0.025,0.0
1994-02-07,11.785481414794923,12.584884223937989,11.762641334533692,12.562044143676758,2101200,0.0,0.0
1994-02-08,12.584879406278544,13.018840765115735,12.31079854806558,12.356478691101074,4583600,0.0,0.0
1994-02-09,12.402162239286634,12.721923328329016,12.196601539187961,12.33364200592041,1831600,0.0,0.0
1994-02-10,12.33364031730442,12.516360914597819,12.265120093319394,12.447840690612793,863200,0.0,0.0
1994-02-11,12.356480391966095,12.516360914597819,12.356480391966095,12.447840690612793,442400,0.0,0.0
1994-02-14,12.49352293236311,12.858964188154353,12.49352293236311,12.767603874206543,1020000,0.0,0.0
1994-02-15,12.881800494532857,13.224401571515115,12.836120350935223,13.17872142791748,1119600,0.0,0.0
1994-02-16,13.17872450530633,13.635526047951265,13.04168404251285,13.087364196777344,1767200,0.0,0.0
1994-02-17,13.133045129997786,13.2700856009195,12.74476379571959,12.767603874206543,916400,0.0,0.0
1994-02-18,12.74476002639448,13.041680958909048,12.699079882930702,12.973160743713379,672800,0.0,0.0
1994-02-22,13.018840789794922,13.13304114760014,12.927480503550747,13.018840789794922,638000,0.0,0.0
1994-02-23,13.018843011653171,13.018843011653171,12.858962483439885,12.881802558898926,426800,0.0,0.0
1994-02-24,12.85896634797792,12.85896634797792,12.562045277775944,12.67624568939209,873600,0.0,0.0
1994-02-25,12.721925629325536,13.133047103881836,12.721925629325536,13.133047103881836,552000,0.0,0.0
1994-02-28,13.13304680210727,13.361447616056962,13.018846395132424,13.064526557922363,666800,0.0,0.0
1994-03-01,13.087366639317333,13.201567046292178,12.996006313737455,13.064526557922363,392400,0.0,0.0
1994-03-02,12.881807426267843,13.24724877169388,12.72192683764395,13.201568603515625,794800,0.0,0.0
1994-03-03,13.292924880981445,13.452805420787064,13.110204264060739,13.292924880981445,802800,0.0,0.0
1994-03-04,13.475643111056968,13.978124718587907,13.338602672639439,13.93244457244873,1616800,0.0,2.0
1994-03-07,14.252203947268658,14.891725919261482,14.252203947268658,14.709005355834961,2641600,0.0,0.0
1994-03-08,14.891732330322267,15.257173614501953,14.800372009277345,14.846052169799805,2337800,0.0,0.0
1994-03-09,14.983090638362272,15.028770792747522,14.34356847696876,14.480608940124512,2142400,0.0,0.0
1994-03-10,14.571971206665038,14.891732330322267,14.480610885620118,14.846052169799805,717200,0.0,0.0
1994-03-11,14.846042614833566,15.07444327044639,14.252200910240223,14.343561172485352,1273600,0.0,0.0
1994-03-14,14.434921434730482,14.571961828098177,14.252200910240223,14.343561172485352,760800,0.0,0.0
1994-03-15,14.434930573469439,14.571971053597313,14.389250413426813,14.526290893554688,681400,0.0,0.0
1994-03-16,14.526289094509764,14.571969248895014,14.34356847696876,14.480608940124512,433800,0.0,0.0
1994-03-17,14.480601565853046,14.526281696975612,14.343561172485352,14.343561172485352,601000,0.0,0.0
1994-03-18,14.343575841502139,14.343575841502139,13.749733529592815,13.886774063110352,958000,0.0,0.0
1994-03-21,13.795402133787,13.841082273302852,13.338600738628491,13.521321296691895,1222000,0.0,0.0
1994-03-22,13.52132978076341,13.52132978076341,12.973167762624351,13.201568603515625,1645800,0.0,0.0
1994-03-23,13.155887259288775,13.74972939252056,12.927486438815013,13.658369064331055,1351800,0.0,0.0
1994-03-24,13.567005051862473,13.658365355242019,13.247243990034066,13.612685203552246,1113800,0.0,0.0
1994-03-25,13.5213249001727,13.84108596200111,13.429964596793157,13.612685203552246,1043200,0.0,0.0
1994-03-28,13.612684973588227,13.70404527542439,12.379320898800032,12.881802558898926,1372800,0.0,0.0
1994-03-29,12.836118377908305,12.88179851448449,12.470677285298814,12.516357421875,695600,0.0,0.0
1994-03-30,12.242280748155382,12.425001356336805,11.739799075656467,11.92251968383789,1453400,0.0,0.0
1994-03-31,11.831159379747179,12.059560139973959,10.963236490885416,11.92251968383789,2388400,0.0,0.0
1994-04-04,11.2829984276383,12.47068247265286,11.10027780532837,12.33364200592041,1067600,0.0,0.0
1994-04-05,12.973165916674064,13.567008018493652,12.790445269960346,13.567008018493652,1598400,0.0,0.0
1994-04-06,13.74972687697992,13.93244749992982,13.064524540917798,13.110204696655273,1321800,0.0,0.0
1994-04-07,13.247240737029717,13.612681860809847,13.064520175139652,13.384281158447266,573400,0.0,0.0
1994-04-08,13.3842851894418,13.52132565213233,13.155884418290915,13.292924880981445,449800,0.0,0.0
1994-04-11,13.521328339941082,13.795409319804753,13.384287850009247,13.74972915649414,645400,0.0,0.0
1994-04-12,13.749728277938006,13.841088598721647,13.292926674019801,13.338606834411621,550000,0.0,0.0
1994-04-13,13.38428830591385,13.612689130246853,12.333644513982048,12.836126327514648,1035600,0.0,0.0
1994-04-14,12.744762420654297,12.881802876790365,12.425001356336805,12.744762420654297,691000,0.0,0.0
1994-04-15,12.699084057126726,12.836124532563344,12.333642789295741,12.790444374084473,577000,0.0,0.0
1994-04-18,12.744765257043591,12.836125581466844,12.242283472715709,12.379323959350586,503000,0.0,0.0
1994-04-19,12.425005320722729,12.562045820583641,11.968203654519687,12.287964820861816,836200,0.0,0.0
1994-04-20,12.287960900200737,12.333641052246094,11.876839531792534,11.92251968383789,785400,0.0,0.0
1994-04-21,11.922523140907288,13.42996859550476,11.831162810325623,13.155887603759766,1646000,0.0,0.0
1994-04-22,13.201570688667944,13.567012091814462,13.110210337881314,13.475651741027832,1318000,0.0,0.0
1994-04-25,13.475644350818499,14.297887056970135,13.384284050134983,14.206526756286621,1278800,0.0,0.0
1994-04-26,14.252206921577454,14.709008425474167,14.11516647040844,14.617648124694824,1853000,0.0,0.0
1994-04-28,14.709007056814725,14.800367349093078,13.795404134031202,13.93244457244873,1581400,0.0,0.0
1994-04-29,13.932447087501503,14.617649403280266,13.567005852419497,14.480608940124512,928800,0.0,0.0
1994-05-02,14.526289286436858,14.891730526347219,14.115167891537702,14.800370216369629,1174800,0.0,0.0
1994-05-03,14.864399814306756,15.047346273559763,14.544243510613995,14.589980125427246,1041800,0.025,0.0
1994-05-04,14.681459785657681,14.681459785657681,14.132620167502255,14.224093437194824,671000,0.0,0.0
1994-05-05,14.269823322048435,14.544243001318597,14.041140255989966,14.08687686920166,507600,0.0,0.0
1994-05-06,13.76671827901708,13.995401306907729,13.67524506786082,13.85819149017334,890400,0.0,0.0
1994-05-09,13.76671827901708,13.9496647013296,13.58377185670456,13.85819149017334,487800,0.0,0.0
1994-05-10,13.949678954431567,14.086888911360402,13.446575779025839,13.49231243133545,677000,0.0,0.0
1994-05-11,13.583778028257166,13.629514654614935,12.989201885606178,13.21788501739502,849400,0.0,0.0
1994-05-12,13.263616054616074,13.446562482955606,12.71477676959748,12.897723197937012,651200,0.0,0.0
1994-05-13,12.806255380175106,13.446568149183861,12.531835622028497,13.21788501739502,1280600,0.0,0.0
1994-05-16,13.21788501739502,13.720987907330471,12.989201885606178,13.21788501739502,1105000,0.0,0.0
1994-05-17,13.126405800923262,13.90392809575147,12.989195984188873,13.85819149017334,1150000,0.0,0.0
1994-05-18,13.903941925341329,14.544255040324153,13.812468623200925,14.315571784973145,1899200,0.0,0.0
1994-05-19,14.407040273086935,14.818669995175132,14.361303637299356,14.452776908874512,1867600,0.0,0.0
1994-05-20,14.498506895800743,14.772926584680253,14.315560436547738,14.589980125427246,864000,0.0,0.0
1994-05-23,14.635716787776591,14.8186632476238,14.36129709800578,14.727190017700195,1020400,0.0,0.0
1994-05-24,14.772931092977524,14.772931092977524,14.178354918956757,14.635721206665039,795000,0.0,0.0
1994-05-25,14.544247949123383,14.635721206665039,14.407038062810898,14.635721206665039,627000,0.0,0.0
1994-05-26,14.544251069288986,15.230300648029033,14.498514430706317,14.864407539367676,1168400,0.0,0.0
1994-05-27,14.818663431498818,15.45897604890926,14.681453584910866,15.276029586791992,1177800,0.0,0.0
1994-05-31,15.276032506203165,15.870608621714066,15.138822633392957,15.687662124633789,1509200,0.0,0.0
1994-06-01,15.733398345579584,15.824871591774814,15.184558868408203,15.184558868408203,749800,0.0,0.0
1994-06-02,15.093087196350098,15.413243591424191,14.772930801276004,15.093087196350098,1019600,0.0,0.0
1994-06-03,14.91014258655501,15.093089121359366,14.681459418049565,14.818669319152832,711000,0.0,0.0
1994-06-06,14.910136429120007,14.910136429120007,14.452770280987492,14.589980125427246,895800,0.0,0.0
1994-06-07,14.589980125427246,14.727189969867002,14.452770280987492,14.589980125427246,474000,0.0,0.0
1994-06-08,14.5899822864777,14.727192151240812,14.17835269218836,14.26982593536377,616600,0.0,0.0
1994-06-09,14.178345491931697,14.361291885375978,14.041135696848487,14.361291885375977,629800,0.0,0.0
1994-06-10,14.315566348440854,14.818669319152832,14.224093081038674,14.818669319152832,729600,0.0,0.0
1994-06-13,14.818667402891355,14.95587728625146,14.544247636171145,14.68145751953125,494600,0.0,0.0
1994-06-14,14.727196051750655,14.91014258655501,14.589986150647388,14.818669319152832,405800,0.0,0.0
1994-06-15,14.910140684879188,15.276033707821009,14.772930801276004,15.093087196350098,652200,0.0,0.0
1994-06-16,15.230292670406511,15.458975743535738,15.184556055780666,15.321765899658203,731400,0.0,0.0
1994-06-17,15.367506296356762,15.367506296356762,14.864403411654607,14.910140037536621,580000,0.0,0.0
1994-06-20,14.86440663096271,15.093089809900597,14.452776908874512,14.452776908874512,616800,0.0,0.0
1994-06-21,14.681464993534759,14.727201644604959,14.178361831762539,14.315571784973145,619600,0.0,0.0
1994-06-22,14.635728342464557,14.635728342464557,14.22409848283274,14.315571784973145,714000,0.0,0.0
1994-06-23,14.178357094149046,14.589986816237245,14.132620458361469,14.452776908874512,938400,0.0,0.0
1994-06-24,14.49851838925395,14.635728342464557,14.132625180692337,14.315571784973145,781200,0.0,0.0
1994-06-27,14.086881340874566,14.5899842459058,13.949671457684229,14.407037734985352,1004200,0.0,0.0
1994-06-28,14.544247618175689,14.5899842459058,14.269827851795014,14.407037734985352,809600,0.0,0.0
1994-06-29,14.361294524474713,14.727187378601458,14.269821310943028,14.544240951538086,996400,0.0,0.0
1994-06-30,14.635718908065403,14.635718908065403,14.26982593536377,14.26982593536377,507000,0.0,0.0
1994-07-01,14.31555993526013,14.361296548471822,14.041140255989966,14.08687686920166,403400,0.0,0.0
1994-07-05,14.08688359647184,14.08688359647184,13.53804397583008,13.538043975830078,833200,0.0,0.0
1994-07-06,13.5837780803541,13.766724586486816,13.446568200754564,13.766724586486816,1051800,0.0,0.0
1994-07-07,13.903932908002067,14.22408925785738,13.858196286594167,13.995406150817871,590600,0.0,0.0
1994-07-08,13.81245734037285,14.544243159730353,13.766720726663007,14.498506546020508,745800,0.0,0.0
1994-07-11,14.498511320352554,14.772931092977524,14.407038062810898,14.635721206665039,667200,0.0,0.0
1994-07-12,14.544243159730353,14.589979773440197,14.1783502500516,14.498506546020508,517200,0.0,0.0
1994-07-13,14.452777792123646,15.001617455115683,14.452777792123646,14.864407539367676,1062400,0.0,0.0
1994-07-14,14.86440595285392,14.955879220256099,14.681459418049565,14.818669319152832,469000,0.0,0.0
1994-07-15,14.727189969867002,14.864399814306756,14.589980125427246,14.589980125427246,424400,0.0,0.0
1994-07-18,14.635723102203464,14.864406275675393,14.544249832814693,14.772933006286621,515000,0.0,0.0
1994-07-19,14.818666785772592,15.093086541064677,14.727193534008563,14.910140037536621,744800,0.0,0.0
1994-07-20,14.818663199493503,14.864399814306756,14.178350592107982,14.589980125427246,819000,0.0,0.0
1994-07-21,14.635726780567353,14.635726780567353,13.720993856781893,14.132623672485352,2241400,0.0,0.0
1994-07-22,14.22409280346286,14.45277596750567,14.178356170654297,14.178356170654297,806800,0.0,0.0
1994-07-25,14.224084334798379,14.269820940376508,13.76671827901708,13.85819149017334,721600,0.0,0.0
1994-07-26,13.858198796342684,13.858198796342684,13.583779018197285,13.629515647888184,650400,0.0,0.0
1994-07-27,13.492304761926611,13.538041388238227,12.714782114629145,13.08067512512207,2439400,0.0,0.0
1994-07-28,13.053194015256821,13.098994696012108,12.503585846193376,12.778389930725098,1828000,0.025,0.0
1994-07-29,12.778389500571297,13.419599009560537,12.778389500571297,13.098994255065918,1606200,0.0,0.0
1994-08-01,13.144799199710597,13.465404058240123,12.82419434118107,13.328001976013184,1088800,0.0,0.0
1994-08-02,13.328004376641635,13.51120718594255,13.14480156734072,13.282203674316406,945000,0.0,0.0
1994-08-03,13.282197419033256,13.282197419033256,12.686788569214524,12.778389930725098,839000,0.0,0.0
1994-08-04,12.732589987863184,12.732589987863184,11.908177686490747,12.142906188964844,2694800,0.0,0.0
1994-08-05,11.95397805058679,12.045579414959102,11.587572593097539,11.81657600402832,1724800,0.0,0.0
1994-08-08,12.091381998623119,12.640990271287805,12.091381998623119,12.45778751373291,1829000,0.0,0.0
1994-08-09,12.503585317399768,12.595186675036397,12.32038260212651,12.366183280944824,936400,0.0,0.0
1994-08-10,12.411984484682801,12.869991292235673,12.411984484682801,12.778389930725098,1215000,0.0,0.0
1994-08-11,12.732594462803432,13.053199359348842,12.732594462803432,12.824195861816406,1236200,0.0,0.0
1994-08-12,12.824191106876857,13.098995202024218,12.824191106876857,13.007393836975098,787400,0.0,0.0
1994-08-15,12.961595587678008,13.007396278800545,12.411987294207563,12.503588676452637,752200,0.0,0.0
1994-08-16,12.549390751680882,12.778394232550971,12.228785878462757,12.732593536376953,923600,0.0,0.0
1994-08-17,12.824189671417995,12.869990348815916,12.274581542642938,12.869990348815918,1323600,0.0,0.0
1994-08-18,12.778390424352297,13.190596567073339,12.778390424352297,13.007393836975098,992000,0.0,0.0
1994-08-19,12.915796321073024,12.961597017247042,12.686792840202935,12.732593536376953,426000,0.0,0.0
1994-08-22,12.366186603085026,12.640990749820249,12.366186603085026,12.503588676452637,607200,0.0,0.0
1994-08-23,12.549386474722823,12.778389877546232,12.22878171077005,12.320383071899414,1193600,0.0,0.0
1994-08-24,12.36617996243973,12.595183295077502,12.137176629801957,12.411980628967285,1104400,0.0,0.0
1994-08-25,12.915791455846634,13.007392813689517,12.457784666632213,12.549386024475098,1602800,0.0,0.0
1994-08-26,12.549382628549948,12.595183295077502,12.320379295912176,12.411980628967285,901200,0.0,0.0
1994-08-29,12.457784666632213,12.86999077692519,12.457784666632213,12.549386024475098,954200,0.0,0.0
1994-08-30,12.549391664777483,12.869996561322893,12.549391664777483,12.824195861816406,1453000,0.0,0.0
1994-08-31,12.82419434118107,13.419603364164477,12.778393647105423,13.328001976013184,3368200,0.0,0.0
1994-09-01,13.327998641419084,13.465400689268765,13.007393863103161,13.373799324035645,1088400,0.0,0.0
1994-09-02,13.23639629270647,13.23639629270647,12.915791538211849,13.098994255065918,748200,0.0,0.0
1994-09-06,13.007392381009682,13.007392381009682,12.824189671417995,12.869990348815918,743600,0.0,0.0
1994-09-07,12.869995624899007,12.961597017247042,12.640992144028917,12.732593536376953,726200,0.0,0.0
1994-09-08,12.778389930725098,12.869991292235673,12.549386526948663,12.778389930725098,1219000,0.0,0.0
1994-09-09,12.595182594056686,12.96158790588379,12.5493819300783,12.961587905883789,476600,0.0,0.0
1994-09-12,12.824189637111843,12.961591668938041,12.686787605285645,12.686787605285645,547800,0.0,0.0
1994-09-13,12.778385249970238,13.007388569862178,12.73258458599185,12.961587905883789,584000,0.0,0.0
1994-09-14,12.869993644506753,13.511203292275772,12.869993644506753,13.465402603149414,1474800,0.0,0.0
1994-09-15,13.419601882758894,14.106612218053717,13.419601882758894,13.923409461975098,1535800,0.0,0.0
1994-09-16,13.831801908637823,14.015004582924417,13.694399902922878,13.877602577209473,1093200,0.0,0.0
1994-09-19,13.877608308888444,14.106611746328847,13.557003496471879,13.602804183959961,742400,0.0,0.0
1994-09-20,13.419601907601228,13.740206731332314,13.419601907601228,13.55700397491455,804600,0.0,0.0
1994-09-21,13.55700788826778,13.602808590593009,12.915798055714573,13.282203674316406,987800,0.0,0.0
1994-09-22,13.32800104227631,13.511203805744026,13.098997587941666,13.144798278808594,445400,0.0,0.0
1994-09-23,13.373799324035645,13.694404102351568,13.327998641419084,13.373799324035645,1174800,0.0,0.0
1994-09-26,13.373803282813203,13.373803282813203,12.5951914478549,12.732593536376953,2087000,0.0,0.0
1994-09-27,12.686790946601095,12.961595082628556,12.503588189249454,12.640990257263184,2769800,0.0,0.0
1994-09-28,12.732591635939004,12.869993703952735,12.411986810573634,12.640990257263184,1038600,0.0,0.0
1994-09-29,12.595186675036397,12.64098735385471,12.274581923308196,12.366183280944824,1226200,0.0,0.0
1994-09-30,12.3661884654652,12.778394747647372,12.3661884654652,12.595191955566406,760600,0.0,0.0
1994-10-03,12.732592132065323,12.869994205432935,12.503588676452637,12.503588676452637,978800,0.0,0.0
1994-10-04,12.549385006748027,12.549385006748027,12.182979605091152,12.274580955505371,667000,0.0,0.0
1994-10-05,12.320386431270972,12.320386431270972,11.495973956316037,12.182984352111816,1208400,0.0,0.0
1994-10-06,12.137178929884042,12.320381630712479,12.137178929884042,12.274580955505371,268000,0.0,0.0
1994-10-07,12.320379044147248,13.00738902802163,12.320379044147248,12.915787696838379,1407400,0.0,0.0
1994-10-10,13.282203674316406,13.465406483617322,13.190602269665948,13.282203674316406,970600,0.0,0.0
1994-10-11,13.327997664610544,13.557001060909695,13.053193589051565,13.190595626831055,842400,0.0,0.0
1994-10-12,13.190598462079022,13.694406042227873,13.14479777297458,13.55700397491455,1170000,0.0,0.0
1994-10-13,13.602808590593009,13.694409995243467,13.282203674316406,13.282203674316406,992600,0.0,0.0
1994-10-14,13.327999118245094,13.557002539520784,13.19059706547968,13.419600486755371,689600,0.0,0.0
1994-10-17,13.327997664610544,13.373798343870375,13.098994268311394,13.190595626831055,398600,0.0,0.0
1994-10-18,13.190602269665948,13.373805078966864,13.14480156734072,13.282203674316406,291400,0.0,0.0
1994-10-19,13.51120464137343,14.060812965768282,13.419603253974287,13.96921157836914,2212600,0.0,0.0
1994-10-20,14.473013725280762,14.473013725280762,13.648601551055908,13.740202903747559,3816800,0.0,0.0
1994-10-21,13.740205276541335,13.740205276541335,13.282198433989956,13.419600486755371,2589200,0.0,0.0
1994-10-24,13.55700788826778,13.648609292918238,13.236402971991177,13.282203674316406,760000,0.0,0.0
1994-10-25,13.162951141491272,13.254679024010375,12.979495376453066,13.071223258972168,976600,0.025,0.0
1994-10-26,13.25467588106791,13.75917911529541,13.162948020299275,13.75917911529541,876800,0.0,0.0
1994-10-27,13.713327831332965,13.850919749373096,13.392280022572661,13.529871940612793,884600,0.0,0.0
1994-10-28,13.575725493291301,14.217820617973999,13.48399761833663,14.080228805541992,1272800,0.0,0.0
1994-10-31,14.08022385329203,14.217815617330714,13.896768167907117,14.0343599319458,890800,0.0,0.0
1994-11-01,13.988496010599574,14.217815617330714,13.850904246560889,14.0343599319458,501800,0.0,0.0
1994-11-02,13.94264513891448,14.630604603005656,13.85091721036899,14.58474063873291,1604600,0.0,0.0
1994-11-03,14.630599024958503,14.72232691853191,14.309551397451576,14.355415344238281,999200,0.0,0.0
1994-11-04,14.355413570032493,14.538869334505751,14.080229923322603,14.126093864440918,1118400,0.0,0.0
1994-11-07,14.126094330334272,14.126094330334272,13.896774617179496,13.988502502441406,561600,0.0,0.0
1994-11-08,13.988503296124309,14.126095131823892,13.89677540565792,13.942639350891113,580600,0.0,0.0
1994-11-09,13.942639350891113,14.080231186590698,13.667455679491948,13.942639350891113,562200,0.0,0.0
1994-11-10,13.988502041085974,14.447141452269122,13.94263809996766,14.126093864440918,387800,0.0,0.0
1994-11-11,14.08022385329203,14.126087774638258,13.942632089253346,14.0343599319458,357600,0.0,0.0
1994-11-14,13.988508932052119,14.309556678033644,13.988508932052119,14.217828750610352,420800,0.0,0.0
1994-11-15,14.309547764480493,14.538867440193322,14.263683829337928,14.401275634765625,644600,0.0,0.0
1994-11-16,14.355414228561598,14.40127817178384,13.850910853116941,14.309550285339355,354200,0.0,0.0
1994-11-17,14.309550100858095,14.401277986120006,13.896774617179496,13.988502502441406,409800,0.0,0.0
1994-11-18,13.896766473125938,14.080222136137502,13.805038641620156,13.850902557373047,381800,0.0,0.0
1994-11-21,13.896778671108947,14.03437053913973,13.34641119898582,13.484003067016602,600000,0.0,0.0
1994-11-22,13.346403524763748,13.346403524763748,12.658444580188297,12.70430850982666,1661200,0.0,0.0
1994-11-23,12.704311535512801,12.750175476074219,12.291536070460038,12.750175476074219,1432800,0.0,0.0
1994-11-25,12.796032892146581,13.162944229555801,12.796032892146581,13.025352478027344,241800,0.0,0.0
1994-11-28,12.933624643675039,13.300535981084261,12.933624643675039,13.025352478027344,385800,0.0,0.0
1994-11-29,13.07122196831046,13.07122196831046,12.887766221386807,12.979494094848633,450200,0.0,0.0
1994-11-30,13.071224365915572,13.208816201346261,12.841904640197754,12.841904640197754,538600,0.0,0.0
1994-12-01,12.8419072487775,12.8419072487775,12.291539795258466,12.474995613098145,908000,0.0,0.0
1994-12-02,12.612582601001323,12.979494094848635,12.56671866427041,12.979494094848633,643000,0.0,0.0
1994-12-05,12.979495676386824,13.162951445664376,12.750175964789884,12.887767791748047,531200,0.0,0.0
1994-12-06,12.8419072487775,12.8419072487775,12.383267704178305,12.474995613098145,545600,0.0,0.0
1994-12-07,12.429131708647075,12.47499566329153,12.15394798078035,12.199811935424805,711200,0.0,0.0
1994-12-08,12.245671854055987,12.245671854055987,11.649440640188093,11.87876033782959,1276000,0.0,0.0
1994-12-09,11.878762086232504,12.291537602742514,11.603578408559164,12.108081817626953,1027400,0.0,0.0
1994-12-12,12.153947830200197,12.291539692428877,12.108083876123969,12.153947830200195,265200,0.0,0.0
1994-12-13,12.245673656463623,12.245673656463623,12.016353925069174,12.108081817626953,322600,0.0,0.0
1994-12-14,12.108078715402328,12.108078715402328,11.787031173706055,11.787031173706055,833000,0.0,0.0
1994-12-15,11.832900092715308,11.832900092715308,11.099076831151569,11.557716369628906,3348800,0.0,0.0
1994-12-16,11.557712106143727,11.87875966464772,11.557712106143727,11.695303916931152,2147400,0.0,0.0
1994-12-19,11.741173975971115,11.787037936814754,11.465990210909293,11.51185417175293,830200,0.0,0.0
1994-12-20,11.511852415781172,11.649444277324374,11.465988461933438,11.557716369628906,576000,0.0,0.0
1994-12-21,11.557714141845702,11.649442031860351,11.236666526794433,11.465986251831055,2044600,0.0,0.0
1994-12-22,11.511846464127302,11.92462183535099,11.374254673719406,11.741166114807129,730000,0.0,0.0
1994-12-23,11.78703210649699,12.658446931490932,11.741168168339415,12.566719055175781,1090200,0.0,0.0
1994-12-27,12.612587928771973,12.796043753190474,12.566723972667347,12.612587928771973,717200,0.0,0.0
1994-12-28,12.658446931490932,12.658446931490932,12.24567148807275,12.566719055175781,627200,0.0,0.0
1994-12-29,12.566723522017982,12.612587476477902,12.291539795258466,12.474995613098145,563400,0.0,0.0
1994-12-30,12.474995508733786,12.520859462810014,12.016355967971515,12.153947830200195,567200,0.0,0.0
1995-01-03,12.153942620576316,12.383262292662662,12.108078686159049,12.291534423828125,735200,0.0,0.0
1995-01-04,12.291539692428877,12.383267600581332,12.108083876123969,12.153947830200195,323200,0.0,0.0
1995-01-05,12.199811935424805,12.291539844713713,11.92462820755808,12.199811935424805,692800,0.0,0.0
1995-01-06,12.291534423828125,12.474990161497201,12.062214751741779,12.291534423828125,574800,0.0,0.0
1995-01-09,12.245670489410855,12.429126227079932,12.108078686159049,12.291534423828125,502000,0.0,0.0
1995-01-10,12.38326694188493,12.520858796794762,12.245675086975098,12.245675086975098,548600,0.0,0.0
1995-01-11,12.291537602742514,12.337401549021402,12.062217871348063,12.108081817626953,562600,0.0,0.0
1995-01-12,12.199805416166782,12.291533276438713,11.374254673719406,11.741166114807129,1366600,0.0,0.0
1995-01-13,11.970486035365116,12.062213897705078,11.695302448345227,12.062213897705078,957600,0.0,0.0
1995-01-16,12.016356116846987,12.337403799358167,11.92462820755808,12.199811935424805,661800,0.0,0.0
1995-01-17,12.199809710184732,12.704313119252523,12.199809710184732,12.383265495300293,705600,0.0,0.0
1995-01-18,12.337397484724967,12.47498927823491,12.062213897705078,12.062213897705078,359800,0.0,0.0
1995-01-19,12.06221739085698,12.06221739085698,11.924625557501196,11.970489501953125,242200,0.0,0.0
1995-01-20,11.878764046563042,11.878764046563042,11.420124508085705,11.557716369628906,1494800,0.0,0.0
1995-01-23,11.007344148596939,11.282527752311863,10.456976941167092,11.236663818359375,3674000,0.0,0.0
1995-01-24,11.282528157290733,11.787031448876904,11.282528157290733,11.603575706481934,2179400,0.0,0.0
1995-01-25,11.603578240302816,11.603578240302816,10.82389116486745,10.961483001708984,1204800,0.0,0.0
1995-01-26,11.557710394263268,12.016349695622921,11.557710394263268,11.741166114807129,3262200,0.0,0.0
1995-01-27,12.016350746154785,12.15394254859167,11.78703107542664,12.016350746154785,2205000,0.0,0.0
1995-01-30,12.337401877916777,12.383265825418325,11.878762402901284,11.924626350402832,1979000,0.0,0.0
1995-01-31,12.016355861989103,12.016355861989103,11.64944423261539,11.832900047302246,802800,0.0,0.0
1995-02-01,11.741168519244692,11.92462427735789,11.695304579716392,11.87876033782959,1092400,0.0,0.0
1995-02-02,11.878758173025153,12.153941760045042,11.878758173025153,12.062213897705078,824400,0.0,0.0
1995-02-03,12.153947830200197,12.337403646505106,12.062219922047742,12.153947830200195,1586600,0.0,0.0
1995-02-06,12.218250724706756,12.356050544910216,12.218250724706756,12.26418399810791,1152200,0.025,0.0
1995-02-07,12.310117447118964,12.815383461739518,12.310117447118964,12.769450187683105,1126000,0.0,0.0
1995-02-08,12.861314653516649,13.182847519854565,12.861314653516649,13.136914253234863,1549600,0.0,0.0
1995-02-09,13.1828485240399,13.320648334395717,12.95318217344687,13.045048713684082,1202000,0.0,0.0
1995-02-10,13.04504871368408,13.27471506427711,12.999115443565476,13.045048713684082,988400,0.0,0.0
1995-02-13,12.953184189115252,13.045050743647984,12.815384357316153,12.86131763458252,770600,0.0,0.0
1995-02-14,12.907249450683594,12.999115994816572,12.723516362417634,12.907249450683594,535400,0.0,0.0
1995-02-15,12.907249450683594,12.953182722750082,12.677583090351146,12.907249450683594,806200,0.0,0.0
1995-02-16,12.86131763458252,12.953184189115252,12.815384357316153,12.86131763458252,595200,0.0,0.0
1995-02-17,12.953184189115252,12.953184189115252,12.769451080049787,12.86131763458252,422800,0.0,0.0
1995-02-21,12.90725200763647,12.90725200763647,12.585719039474709,12.67758560180664,283600,0.0,0.0
1995-02-22,12.677584200772372,12.723517476862128,12.585717648592862,12.631650924682617,317600,0.0,0.0
1995-02-23,12.631646132210962,12.953178942849059,12.631646132210962,12.723512649536133,777800,0.0,0.0
1995-02-24,12.677583639570276,12.769450187683105,12.631650365513863,12.769450187683105,509600,0.0,0.0
1995-02-27,12.677584320856637,12.723517597381479,12.40198466170758,12.447917938232422,713000,0.0,0.0
1995-02-28,12.218253933941876,12.401987075805664,11.988587506612141,12.401987075805664,793400,0.0,0.0
1995-03-01,12.539780211092822,12.585713471939314,12.310113906860352,12.310113906860352,705000,0.0,0.0
1995-03-02,12.40198466170758,12.447917938232422,12.356051385182736,12.447917938232422,397800,0.0,0.0
1995-03-03,12.40198466170758,12.631651044331793,12.40198466170758,12.447917938232422,455600,0.0,0.0
1995-03-06,12.401988289572975,12.401988289572975,12.080455259843305,12.126388549804688,691800,0.0,0.0
1995-03-07,12.172315175296696,12.218248440109136,11.988582116046935,12.034515380859375,555400,0.0,0.0
1995-03-08,11.942654373054218,12.310120661455885,11.758921228853383,12.218254089355469,752400,0.0,0.0
1995-03-09,12.218255564851582,12.264188856448767,12.080455690060022,12.172322273254395,573600,0.0,0.0
1995-03-10,12.172316275537014,12.218249544501305,11.758916854858398,11.758916854858398,1013600,0.0,0.0
1995-03-13,11.85078239440918,12.218248515166053,11.575182803841523,11.85078239440918,744600,0.0,2.0
1995-03-14,11.942649930715561,11.942649930715561,11.575183779001236,11.758916854858398,825800,0.0,0.0
1995-03-15,11.758916854858398,11.758916854858398,11.483317241072655,11.758916854858398,661400,0.0,0.0
1995-03-16,11.758916854858398,11.942649930715561,11.667050316929817,11.758916854858398,713400,0.0,0.0
1995-03-17,11.758916854858398,11.85078339278698,11.667050316929817,11.758916854858398,513700,0.0,0.0
1995-03-20,11.667050316929817,11.85078339278698,11.575183779001236,11.758916854858398,358800,0.0,0.0
1995-03-21,11.758918822281004,11.942651928879146,11.667052268981934,11.667052268981934,381600,0.0,0.0
1995-03-22,11.758918822281004,11.758918822281004,11.299586055785653,11.667052268981934,723300,0.0,0.0
1995-03-23,11.758918822281004,11.850785375580074,11.575185715682863,11.667052268981934,737000,0.0,0.0
1995-03-24,11.667048546575732,11.712981808570124,11.207715926631804,11.391448974609375,1070400,0.0,0.0
1995-03-27,11.391452550888062,11.391452550888062,9.737854599952698,10.289053916931152,4598200,0.0,0.0
1995-03-28,10.564652493125514,10.748385579962479,10.1053197760331,10.472785949707031,2465300,0.0,0.0
1995-03-29,10.56465357542038,10.656520128250122,10.19718736410141,10.289053916931152,1210500,0.0,0.0
1995-03-30,10.289053916931152,10.472787022590637,10.19718736410141,10.289053916931152,841400,0.0,0.0
1995-03-31,10.19718736410141,10.289053916931152,10.105320811271667,10.289053916931152,816200,0.0,0.0
1995-04-03,10.289054038307883,10.289054038307883,10.013454376567495,10.105320930480957,1066700,0.0,0.0
1995-04-04,10.197189735916426,10.197189735916426,9.370390568139419,9.7378568649292,1772000,0.0,0.0
1995-04-05,9.73785360235917,10.748385579962479,9.37038742868524,10.472785949707031,4054000,0.0,0.0
1995-04-06,11.023986880518809,11.391453109869436,10.840253765843496,10.932120323181152,4347800,0.0,0.0
1995-04-07,11.023986880518809,11.115853437856465,10.74838720850584,10.932120323181152,1260600,0.0,0.0
1995-04-10,10.840249061584473,10.932115579055527,10.748382544113417,10.840249061584473,771100,0.0,0.0
1995-04-11,10.932120323181152,11.115853437856465,10.840253765843496,10.932120323181152,607800,0.0,0.0
1995-04-12,10.65652031854752,10.748386873017758,9.737854773845148,10.01345443725586,3663400,0.0,0.0
1995-04-13,10.105320811271667,10.289053916931152,10.013454258441925,10.289053916931152,1481100,0.0,0.0
1995-04-17,10.105320991726098,10.472787209607047,10.01345443725586,10.01345443725586,1154300,0.0,0.0
1995-04-18,10.105323538316036,10.656523004042365,10.01345696069498,10.3809232711792,2216900,0.0,0.0
1995-04-19,10.380920469760895,10.380920469760895,9.82972115278244,10.289053916931152,1559400,0.0,0.0
1995-04-20,9.737857201520134,9.737857201520134,8.81919142779182,9.370390892028809,4576200,0.0,0.0
1995-04-21,9.554124046774472,9.737857201520134,9.370390892028809,9.370390892028809,1340400,0.0,0.0
1995-04-24,9.554121017456055,9.737854113945595,9.462254469211285,9.554121017456055,908300,0.0,0.0
1995-04-25,9.554124046774472,9.554124046774472,9.278524314655977,9.370390892028809,709800,0.0,0.0
1995-04-26,9.462249774744015,9.462249774744015,9.186650266741761,9.27851676940918,675900,0.0,0.0
1995-04-27,9.27851676940918,9.370383272076598,9.094783764074345,9.27851676940918,802100,0.0,0.0
1995-04-28,9.278521653377648,9.37038820440119,9.094788551330566,9.094788551330566,980700,0.0,0.0
1995-05-01,9.186654341848273,9.186654341848273,8.72732162475586,8.72732162475586,1414100,0.0,0.0
1995-05-02,8.819188898259943,9.094788551330566,8.267989592118697,9.094788551330566,2751500,0.0,0.0
1995-05-03,9.186654289563497,9.278520832459131,8.819188117980957,8.819188117980957,1032300,0.0,0.0
1995-05-04,8.763836683686247,9.132840333525667,8.763836683686247,8.948338508605957,811000,0.05,0.0
1995-05-05,9.040589421065812,9.225091245985523,8.856087596146102,8.948338508605957,635300,0.0,0.0
1995-05-08,8.985396087169647,8.985396087169647,8.707497239112854,8.892763137817383,679100,0.05,0.0
1995-05-09,8.985394487989709,8.985394487989709,8.614862756526216,8.70749568939209,556600,0.0,0.0
1995-05-10,8.70749568939209,8.800128622257963,8.614862756526216,8.70749568939209,458400,0.0,0.0
1995-05-11,8.70749633542953,8.70749633542953,8.429597516213695,8.614863395690918,1133200,0.0,0.0
1995-05-12,8.614862756526216,9.078027420855582,8.522229823660343,8.70749568939209,1461500,0.0,0.0
1995-05-15,8.80012738584268,9.170659065246582,8.707494465991704,9.170659065246582,1057800,0.0,0.0
1995-05-16,9.263290745196956,9.355923652648926,9.078024930293017,9.355923652648926,1075200,0.0,0.0
1995-05-17,9.355929088592529,9.448562049865723,9.170663166046143,9.263296127319336,699200,0.0,0.0
1995-05-18,9.263289704614756,9.263289704614756,8.985391013476313,9.078023910522461,601600,0.0,0.0
1995-05-19,9.078022360801697,10.560148460524424,8.985389479569028,10.374882698059082,6816200,0.0,0.0
1995-05-22,10.46751859632589,11.023316043918415,10.46751859632589,10.930683135986328,3132400,0.0,0.0
1995-05-23,10.930683135986328,11.393847675646764,10.560151504257977,10.930683135986328,3470300,0.0,0.0
1995-05-24,11.023317586194288,11.115950507086678,10.0969883772704,10.282254219055176,1740200,0.0,0.0
1995-05-25,10.374889677604743,10.560155564704827,10.2822567340547,10.467522621154785,856800,0.0,0.0
1995-05-26,10.560153007507324,10.652785928625809,10.282254244151869,10.560153007507324,596200,0.0,0.0
1995-05-30,10.467515579291753,10.467515579291753,10.189616935593742,10.374882698059082,663700,0.0,0.0
1995-05-31,10.374887483016304,10.838052102793817,10.282254559060801,10.652786254882812,684800,0.0,0.0
1995-06-01,10.745416641235352,10.93068244539458,10.652783739155737,10.745416641235352,699000,0.0,0.0
1995-06-02,10.65278850825487,10.65278850825487,10.2822567340547,10.467522621154785,883500,0.0,0.0
1995-06-05,10.374882698059082,10.652781341757093,10.282249816826413,10.374882698059082,655700,0.0,0.0
1995-06-06,10.374890019343448,12.505447791172907,10.282257072742167,12.042283058166504,2441700,0.0,0.0
1995-06-07,11.39384651184082,11.764378105721823,10.930682019489566,11.39384651184082,3154900,0.0,0.0
1995-06-08,11.393846355378628,12.04227663576603,11.115947663784027,11.857010841369629,3265300,0.0,0.0
1995-06-09,11.857018849206348,12.134917728484622,11.393854050409224,11.6717529296875,2247400,0.0,0.0
1995-06-12,11.671745207251572,11.764378105721823,11.023314917959818,11.39384651184082,1027300,0.0,0.0
1995-06-13,11.39384651184082,11.764378105721823,11.39384651184082,11.39384651184082,752600,0.0,0.0
1995-06-14,11.393854050409224,12.042284768725198,11.3012210906498,11.6717529296875,1699600,0.0,0.0
1995-06-15,11.857006835937499,11.949639701843262,11.39384250640869,11.579108238220215,1911900,0.0,0.0
1995-06-16,11.486475372314453,11.579108238220215,11.301209640502929,11.579108238220215,584000,0.0,0.0
1995-06-19,11.486481666564943,11.671747499896634,11.115949999901558,11.486481666564941,729200,0.0,0.0
1995-06-20,11.393850326538088,11.393850326538088,11.11595153808594,11.115951538085938,1127700,0.0,0.0
1995-06-21,11.115950907557465,11.301216756016755,10.930685059098174,11.20858383178711,621500,0.0,0.0
1995-06-22,11.115949999901558,11.671747499896634,11.115949999901558,11.486481666564941,1186200,0.0,0.0
1995-06-23,11.3938496802464,11.486482604476047,11.115950907557465,11.20858383178711,751000,0.0,0.0
1995-06-26,11.20858383178711,11.301216756016755,11.02331798332782,11.20858383178711,600100,0.0,0.0
1995-06-27,11.20858383178711,11.20858383178711,11.02331798332782,11.20858383178711,596300,0.0,0.0
1995-06-28,11.023318608601889,11.208584467569988,11.023318608601889,11.115951538085938,631900,0.0,0.0
1995-06-29,11.11595153808594,11.301217397054037,11.023318608601889,11.115951538085938,470700,0.0,0.0
1995-06-30,11.11595153808594,11.208584467569988,10.93068567911784,11.115951538085938,635200,0.0,0.0
1995-07-03,11.11595153808594,11.11595153808594,11.023318608601889,11.115951538085938,178100,0.0,0.0
1995-07-05,11.115947816430069,11.486479410311071,10.930682019489566,11.39384651184082,1156100,0.0,0.0
1995-07-06,11.393847863505206,11.857012410802165,11.301214954045815,11.764379501342773,1717800,0.0,0.0
1995-07-07,11.671745207251572,11.857011004192072,11.20858071490032,11.39384651184082,1220300,0.0,0.0
1995-07-10,11.39384651184082,11.39384651184082,11.115947816430069,11.39384651184082,834400,0.0,0.0
1995-07-11,11.3938496802464,11.486482604476047,11.115950907557465,11.20858383178711,852900,0.0,0.0
1995-07-12,11.208583174633379,11.301216093432002,11.023317337036133,11.023317337036133,817700,0.0,0.0
1995-07-13,11.023316668649006,11.115949581830929,10.652785015921307,10.838050842285156,913200,0.0,0.0
1995-07-14,10.838052749633789,11.579116185506185,10.652786890665691,11.115951538085938,865600,0.0,0.0
1995-07-17,11.115950255834756,11.208583174633379,10.93068441823751,11.023317337036133,587300,0.0,0.0
1995-07-18,11.023318608601889,11.301217397054037,10.74541982014974,11.115951538085938,934000,0.0,0.0
1995-07-19,11.023315347474197,11.023315347474197,10.56015083707612,10.745416641235352,862700,0.0,0.0
1995-07-20,11.115950255834756,11.301216093432002,10.93068441823751,11.023317337036133,1588300,0.0,0.0
1995-07-21,10.838050842285156,11.115949581830929,10.745417929103231,10.838050842285156,609400,0.0,0.0
1995-07-24,10.838052102793817,10.93068502674932,10.652786254882812,10.652786254882812,663900,0.0,0.0
1995-07-25,10.745421451804912,10.838054395354954,9.911724959854531,10.467522621154785,907400,0.0,0.0
1995-07-26,10.467520060839954,10.560152981732344,10.282254219055176,10.282254219055176,698700,0.0,0.0
1995-07-27,10.282252780461715,11.023316043918415,10.282252780461715,10.930683135986328,1236100,0.0,0.0
1995-07-28,10.874915996519457,11.060811996459961,10.596071996608702,11.060811996459961,677900,0.05,0.0
1995-07-31,10.96786399648971,11.153759996430212,10.781967996549206,11.060811996459961,1064900,0.0,0.0
1995-08-01,10.967864036560059,11.15376003717972,10.967864036560059,10.967864036560059,613600,0.0,0.0
1995-08-02,11.060811996459961,11.339655996370716,10.96786399648971,11.060811996459961,1096500,0.0,0.0
1995-08-03,10.874915996519457,11.246707996400465,10.874915996519457,11.060811996459961,781700,0.0,0.0
1995-08-04,11.060814793904623,11.432606887817384,11.060814793904623,11.153762817382812,797000,0.0,0.0
1995-08-07,11.060811996459961,11.246707996400465,10.874915996519457,11.060811996459961,508100,0.0,0.0
1995-08-08,11.060814793904623,11.246710840861002,10.967866770426433,11.153762817382812,583800,0.0,0.0
1995-08-09,11.246708037489553,11.246708037489553,10.874916036250228,10.967864036560059,461000,0.0,0.0
1995-08-10,10.967864036560059,11.06081203686989,10.781968035940398,10.967864036560059,369400,0.0,0.0
1995-08-11,10.874917079662454,10.967865088890338,10.78196907043457,10.78196907043457,340900,0.0,0.0
1995-08-14,10.874917079662454,10.874917079662454,10.503125042750918,10.78196907043457,608200,0.0,0.0
1995-08-15,10.689018249511719,10.781966234290081,10.41017429517663,10.689018249511719,690600,0.0,0.0
1995-08-16,10.689018249511719,10.874914219068444,10.596070264733354,10.689018249511719,531600,0.0,0.0
1995-08-17,10.689018249511719,10.689018249511719,10.503122279954992,10.689018249511719,423500,0.0,0.0
1995-08-18,10.596076720800156,11.060816927852795,10.596076720800156,10.874920845031738,1103600,0.0,0.0
1995-08-21,10.967862203846806,11.060810188625169,10.596070264733354,10.689018249511719,525200,0.0,0.0
1995-08-22,10.689022122767934,10.781970141226786,10.596074104309082,10.596074104309082,457500,0.0,0.0
1995-08-23,10.596070264733354,10.874914219068444,10.596070264733354,10.689018249511719,341800,0.0,0.0
1995-08-24,10.781968035940398,11.06081203686989,10.689020035630566,10.967864036560059,617700,0.0,0.0
1995-08-25,10.96786399648971,11.246707996400465,10.96786399648971,11.060811996459961,819100,0.0,0.0
1995-08-28,11.06081203686989,11.339656037799383,10.967864036560059,10.967864036560059,679800,0.0,0.0
1995-08-29,11.060814793904623,11.246710840861002,11.060814793904623,11.153762817382812,1152600,0.0,0.0
1995-08-30,11.246705985460125,11.432601952161944,11.153758002109214,11.339653968811035,1752800,0.0,0.0
1995-08-31,11.432598121704594,11.711441978331536,11.432598121704594,11.525546073913574,1045000,0.0,0.0
1995-09-01,11.618498864212656,11.711446855126358,11.432602882385254,11.432602882385254,703500,0.0,0.0
1995-09-05,11.432601952161944,11.618497918863765,11.246705985460125,11.339653968811035,958400,0.0,0.0
1995-09-06,11.432601952161944,11.618497918863765,11.339653968811035,11.339653968811035,1212100,0.0,0.0
1995-09-07,11.525548919677734,11.99028879547119,11.432600944519042,11.618496894836426,2086500,0.0,0.0
1995-09-08,11.711442030113162,12.269129745832837,11.711442030113162,12.17618179321289,2942500,0.0,0.0
1995-09-11,12.176188557646995,12.269136561903842,11.804396540619607,11.9902925491333,1292600,0.0,0.0
1995-09-12,11.990285887973,12.269129745832837,11.804389982733108,12.17618179321289,1033600,0.0,0.0
1995-09-13,12.269138166639541,12.640930232295284,12.176190150225604,12.547982215881348,1603700,0.0,0.0
1995-09-14,12.455032391655713,12.547980394578518,12.176188382887302,12.36208438873291,702900,0.0,0.0
1995-09-15,12.17618179321289,12.269129745832837,11.990285887973,12.17618179321289,688000,0.0,0.0
1995-09-18,12.176188557646995,12.176188557646995,11.804396540619607,11.9902925491333,475000,0.0,0.0
1995-09-19,11.99029067158699,11.99029067158699,11.711446702480316,11.897342681884766,490800,0.0,0.0
1995-09-20,11.711443893552765,11.897339828371063,11.618495926143616,11.804391860961914,422100,0.0,0.0
1995-09-21,11.804392845153808,11.99028879547119,11.432600944519042,11.618496894836426,1184500,0.0,0.0
1995-09-22,11.618499718015157,11.89734371124752,11.432603722526915,11.711447715759277,656700,0.0,0.0
1995-09-25,11.711446855126358,11.89734283695376,11.339654891471552,11.432602882385254,642100,0.0,0.0
1995-09-26,11.432603722526915,11.89734371124752,11.432603722526915,11.711447715759277,1190400,0.0,0.0
1995-09-27,11.618499718015157,11.8043957135034,11.618499718015157,11.711447715759277,493600,0.0,0.0
1995-09-28,11.711447715759277,11.8043957135034,11.618499718015157,11.711447715759277,269400,0.0,0.0
1995-09-29,11.618494026122555,11.711441978331536,11.432598121704594,11.525546073913574,572000,0.0,0.0
1995-10-02,11.618496894836424,11.711444869995116,11.432600944519042,11.618496894836426,375100,0.0,0.0
1995-10-03,11.525550873298954,11.618498864212656,11.432602882385254,11.432602882385254,297200,0.0,0.0
1995-10-04,11.432606887817384,11.618502934773764,10.874918746948243,11.153762817382812,556200,0.0,0.0
1995-10-05,11.060814793904623,11.246710840861002,10.967866770426433,11.153762817382812,524100,0.0,0.0
1995-10-06,11.060811996459961,11.153759996430212,10.96786399648971,11.060811996459961,324000,0.0,0.0
1995-10-09,10.967866770426433,11.153762817382812,10.689022699991861,11.153762817382812,244900,0.0,0.0
1995-10-10,10.96786399648971,11.060811996459961,10.874915996519457,11.060811996459961,402200,0.0,0.0
1995-10-11,10.967865088890338,11.060813098118224,10.689021061206686,10.78196907043457,411100,0.0,0.0
1995-10-12,10.781967996549206,11.060811996459961,10.689019996578955,11.060811996459961,944400,0.0,0.0
1995-10-13,11.153762817382812,11.246710840861002,10.874918746948243,11.153762817382812,627700,0.0,0.0
1995-10-16,11.153758002109214,11.525549935512855,11.060810018758303,11.339653968811035,575500,0.0,0.0
1995-10-17,11.432602882385254,11.525550873298954,11.339654891471552,11.432602882385254,307500,0.0,0.0
1995-10-18,11.525553395197942,12.08324146270752,11.432605383946346,12.08324146270752,713500,0.0,0.0
1995-10-19,12.269129745832837,12.269129745832837,11.804389982733108,12.17618179321289,2365600,0.0,0.0
1995-10-20,12.17618373059851,12.269131698007659,11.711443893552765,11.804391860961914,631600,0.0,0.0
1995-10-23,11.711443893552765,11.897339828371063,11.525547958734467,11.804391860961914,437000,0.0,0.0
1995-10-24,11.804391860961914,11.897339828371063,11.711443893552765,11.804391860961914,422100,0.0,0.0
1995-10-25,11.711443893552765,11.990287795780212,11.618495926143616,11.804391860961914,506100,0.0,0.0
1995-10-26,11.8416910469532,12.028174370527266,11.655207723379133,11.934932708740234,596700,0.05,0.0
1995-10-27,11.8416910469532,12.121416032314299,11.8416910469532,11.934932708740234,470800,0.0,0.0
1995-10-30,12.028177261352539,12.214660629745602,11.934935577156008,12.028177261352539,361300,0.0,0.0
1995-10-31,12.121412335461333,12.401137235510442,12.02817070211163,12.214653968811035,1024700,0.0,0.0
1995-11-01,12.307896713712323,12.587621639023965,12.307896713712323,12.494379997253418,847000,0.0,0.0
1995-11-02,12.587625565736191,13.33355893259463,12.494383894878885,12.867350578308105,2492100,0.0,0.0
1995-11-03,13.053837783045049,13.14707948149537,12.680870989243761,12.960596084594727,780900,0.0,0.0
1995-11-06,13.147072872081836,13.333556175231934,13.053831220506789,13.333556175231934,861600,0.0,0.0
1995-11-07,13.333566599878772,13.520050048828125,13.240324875404093,13.520050048828125,1271200,0.0,0.0
1995-11-08,13.426798820495605,13.52004047897127,13.333557162019941,13.426798820495605,800500,0.0,0.0
1995-11-09,13.426798820495605,13.426798820495605,13.240315503544279,13.426798820495605,1054900,0.0,0.0
1995-11-10,13.426802648256901,13.70652770342892,13.333560963199563,13.613286018371582,789100,0.0,0.0
1995-11-13,13.613291773302802,13.613291773302802,13.147083150929417,13.520050048828125,564000,0.0,0.0
1995-11-14,13.426800646100725,13.520042317254202,13.053833961486815,13.053833961486816,461400,0.0,0.0
1995-11-15,13.05382553960236,13.33355037259384,13.05382553960236,13.24030876159668,343200,0.0,0.0
1995-11-16,13.240314523656885,13.613281129957079,13.240314523656885,13.333556175231934,718800,0.0,0.0
1995-11-17,13.333557162019941,13.52004047897127,13.240315503544279,13.426798820495605,595400,0.0,0.0
1995-11-20,13.426808324353448,13.706533497777478,13.333566599878772,13.520050048828125,614400,0.0,0.0
1995-11-21,13.426799877269847,14.079491537970465,13.426799877269847,13.799766540527344,864700,0.0,0.0
1995-11-22,13.986252797277352,14.359219538538081,13.893011111962169,14.172736167907715,1341900,0.0,0.0
1995-11-24,14.172729591270546,14.359212875366211,14.172729591270546,14.359212875366211,224600,0.0,0.0
1995-11-27,14.265970116419508,14.452453385915188,14.079486846923828,14.079486846923828,930000,0.0,0.0
1995-11-28,14.172730575069304,14.73218046619046,14.07948892654911,14.452455520629883,1069600,0.0,0.0
1995-11-29,14.545704817771913,15.011913305521013,14.545704817771913,14.918671607971191,1599900,0.0,0.0
1995-11-30,14.82542032531545,14.918661962581584,14.545695413517045,14.732178688049316,666100,0.0,0.0
1995-12-01,14.732184373415434,14.8254260466649,14.545701026916504,14.545701026916504,585700,0.0,0.0
1995-12-04,14.545695413517045,14.918661962581584,14.545695413517045,14.732178688049316,514800,0.0,0.0
1995-12-05,14.825428962707518,15.291637420654295,14.732187271118162,15.198395729064941,1106700,0.0,0.0
1995-12-06,15.198396700620652,15.478121793270113,14.545704817771913,14.918671607971191,872200,0.0,0.0
1995-12-07,14.825429910421372,15.198396700620652,14.732188212871552,14.918671607971191,540900,0.0,0.0
1995-12-08,15.011913305521013,15.105155003070832,14.825429910421372,14.918671607971191,426400,0.0,0.0
1995-12-11,14.918668770495756,15.29163548975815,14.825427090680158,15.105152130126953,577700,0.0,0.0
1995-12-12,15.198393809942552,15.198393809942552,14.918668770495756,15.105152130126953,750900,0.0,0.0
1995-12-13,15.105146546797318,15.664596418900922,15.011904901446718,15.384871482849121,806200,0.0,0.0
1995-12-14,15.384877169573748,15.664602209020543,15.105152130126953,15.105152130126953,480900,0.0,0.0
1995-12-15,14.918671607971191,15.105155003070832,14.825429910421372,14.918671607971191,704400,0.0,0.0
1995-12-18,15.10515302105954,15.10515302105954,13.799769426646986,14.172736167907715,1539500,0.0,0.0
1995-12-19,14.26597705519343,15.478118896484375,14.172735375094126,15.478118896484375,861600,0.0,0.0
1995-12-20,15.571354773550322,15.944321354952725,15.291629837498519,15.384871482849121,1354600,0.0,0.0
1995-12-21,15.478118907905625,15.757843948409942,14.918668826896987,15.57136058807373,503500,0.0,0.0
1995-12-22,15.664603250068529,16.03756999411778,15.664603250068529,15.944328308105469,435900,0.0,0.0
1995-12-26,16.03756536136974,16.503773656758394,15.944323702292008,16.410531997680664,598100,0.0,0.0
1995-12-27,16.59702401297433,16.59702401297433,16.2240571812221,16.317298889160156,554200,0.0,0.0
1995-12-28,16.224053409512482,16.783503527081876,16.224053409512482,16.690261840820312,388100,0.0,0.0
1995-12-29,16.783492156813818,16.876733779907227,16.503767287533588,16.876733779907227,433600,0.0,0.0
1996-01-02,16.69025983424545,16.7835015092971,15.944326433832245,16.130809783935547,886600,0.0,0.0
1996-01-03,15.757843948409942,16.50377738975479,15.291635547569411,15.57136058807373,866500,0.0,0.0
1996-01-04,15.478113654352002,15.478113654352002,14.35921387210969,14.452455520629883,1951300,0.0,0.0
1996-01-05,14.452463120222092,15.011913305521013,13.799771237373353,14.918671607971191,753900,0.0,0.0
1996-01-08,15.01191421834434,15.29163932800293,15.01191421834434,15.29163932800293,235000,0.0,0.0
1996-01-09,15.384866406458505,15.85107447938149,15.011899948120117,15.011899948120117,770500,0.0,0.0
1996-01-10,14.732178688049315,15.19838687437999,14.359212138984775,14.732178688049316,543600,0.0,0.0
1996-01-11,14.825425148010254,15.105150150802901,14.732183480412706,14.825425148010254,303200,0.0,0.0
1996-01-12,14.918668770495756,15.105152130126953,14.825427090680158,15.105152130126953,295600,0.0,0.0
1996-01-15,15.105154037475584,15.38487911224365,15.011912345886229,15.198395729064941,346200,0.0,0.0
1996-01-16,15.478118849389347,15.757843888836142,15.105152130126953,15.105152130126953,486400,0.0,0.0
1996-01-17,15.19840212990256,15.944335976768942,15.19840212990256,15.851094245910645,625600,0.0,0.0
1996-01-18,15.944326433832245,16.224051458987198,15.757843083728945,16.130809783935547,588400,0.0,0.0
1996-01-19,16.03757770762724,16.13081943848554,15.66461078419405,15.851094245910645,249800,0.0,0.0
1996-01-22,15.757844936080842,16.410536738167032,15.757844936080842,15.944328308105469,586600,0.0,0.0
1996-01-23,16.037568108883896,16.224051458987198,15.944326433832245,16.130809783935547,606200,0.0,0.0
1996-01-24,15.944322866552017,15.944322866552017,14.172731436935127,14.265973091125488,1903900,0.0,0.0
1996-01-25,14.359221422672272,15.571363490819932,14.359221422672272,14.918671607971191,1619600,0.0,0.0
1996-01-26,15.105152176087161,15.757843936782285,15.011910495987857,15.478118896484375,1119900,0.0,0.0
1996-01-29,15.478118907905625,15.757843948409942,15.478118907905625,15.57136058807373,717900,0.0,0.0
1996-01-30,15.571360576583679,15.664602256682981,15.105152176087161,15.478118896484375,734000,0.0,0.0
1996-01-31,15.664601408677294,16.31729313403885,15.664601408677294,16.130809783935547,1066400,0.0,0.0
1996-02-01,16.1308184002721,16.1308184002721,15.571368051129719,16.03757667541504,618600,0.0,0.0
1996-02-02,15.801930531588466,15.895433079112658,15.240915246443315,15.4279203414917,565800,0.06,0.0
1996-02-05,15.427937339333926,15.988953242582433,15.24093203825109,15.895450592041016,628700,0.0,0.0
1996-02-06,15.89544904162312,16.26945960730837,15.801946400201809,15.988951683044434,971300,0.0,0.0
1996-02-07,16.082454681396484,16.269459968389466,15.895449394403503,16.082454681396484,940000,0.0,0.0
1996-02-08,15.988943904810558,16.26945169261425,15.895441308875993,16.175949096679688,439800,0.0,0.0
1996-02-09,16.082444070399493,16.36295181581344,15.988941488594845,16.26944923400879,521300,0.0,0.0
1996-02-12,16.269454039674898,16.830469696215413,16.08244882082806,16.736967086791992,998600,0.0,0.0
1996-02-13,16.362954952098704,17.76549394799288,16.269452352372426,17.6719913482666,1458100,0.0,0.0
1996-02-14,17.578491379542907,17.578491379542907,16.830470469775122,16.923973083496094,2926000,0.0,0.0
1996-02-15,16.736964930187572,16.83046752756292,16.175949345935475,16.456457138061523,1208100,0.0,0.0
1996-02-16,16.456454397618085,16.923967306641327,16.26944923400879,16.26944923400879,667600,0.0,0.0
1996-02-20,16.175949096679688,16.362954288548817,15.895441308875993,16.175949096679688,450900,0.0,0.0
1996-02-21,16.175954553816055,16.9239755736457,15.988949298858644,16.830472946166992,670600,0.0,0.0
1996-02-22,17.11096750351197,17.578480276831968,16.923962394183967,17.48497772216797,1022200,0.0,0.0
1996-02-23,17.484979806701993,17.578482372513236,16.830461846023308,17.11096954345703,413600,0.0,0.0
1996-02-26,17.11096954345703,17.20447210926827,17.01746697764579,17.11096954345703,287100,0.0,0.0
1996-02-27,17.20447889287421,17.85899711162486,17.20447889287421,17.578489303588867,954100,0.0,0.0
1996-02-28,17.76549394799288,17.85899654771916,17.297980949361488,17.6719913482666,547700,0.0,0.0
1996-02-29,17.48498747976203,18.326510941354854,17.39148487291838,17.76549530029297,895700,0.0,0.0
1996-03-01,17.95249366760254,18.04599623878797,17.39147824048996,17.95249366760254,501400,0.0,0.0
1996-03-04,17.858995941084654,18.700519310036288,17.765493344534473,18.420011520385742,744400,0.0,0.0
1996-03-05,18.326514210867053,19.6355509402147,18.233011587342222,18.79402732849121,1250900,0.0,0.0
1996-03-06,18.79402190658647,18.79402190658647,18.420011520385742,18.420011520385742,597900,0.0,0.0
1996-03-07,18.51352204947636,19.261543142384497,18.420019412862843,18.981035232543945,679700,0.0,0.0
1996-03-08,18.79402442854278,18.79402442854278,18.04600355576496,18.32651138305664,808900,0.0,0.0
1996-03-11,18.139506435850592,19.72905081424987,18.046003825356518,19.54204559326172,856800,0.0,0.0
1996-03-12,19.355043069640203,19.448545693165034,18.513519457916715,18.79402732849121,747400,0.0,0.0
1996-03-13,19.074534793016387,19.448545279153965,18.887529549947597,19.16803741455078,737900,0.0,0.0
1996-03-14,19.355040776452352,20.10306167602539,19.26153816400572,20.10306167602539,579000,0.0,0.0
1996-03-15,20.196563720703125,20.196563720703125,19.729050671612775,20.196563720703125,589700,0.0,0.0
1996-03-18,20.19655856570682,21.03808183927794,20.19655856570682,20.7575740814209,675500,0.0,0.0
1996-03-19,20.290061674385427,20.38356426274665,19.916051320940532,20.009553909301758,491300,0.0,0.0
1996-03-20,20.009559432477182,20.19656466081809,19.44854374745446,19.72905158996582,360700,0.0,0.0
1996-03-21,19.72905158996582,20.290067274988544,19.542046361624912,19.72905158996582,314000,0.0,0.0
1996-03-22,19.916055891248913,20.196563720703125,19.822553281430842,20.196563720703125,316300,0.0,0.0
1996-03-25,20.196561571577906,20.196561571577906,19.82255117210424,19.916053771972656,223400,0.0,0.0
1996-03-26,19.91605681830673,20.009559432477182,19.542046361624912,19.72905158996582,324400,0.0,0.0
1996-03-27,19.54204424527975,19.635546849324154,18.513515600791344,19.44854164123535,675100,0.0,0.0
1996-03-28,19.355040776452352,20.29006690091865,19.26153816400572,20.10306167602539,295700,0.0,0.0
1996-03-29,19.916051320940532,20.10305649766298,19.635543555856863,20.009553909301758,251000,0.0,0.0
1996-04-01,19.916054661457355,20.009557265501755,19.44854164123535,19.44854164123535,290200,0.0,0.0
1996-04-02,19.635548061794704,20.477071550157333,19.542045451976634,20.196563720703125,501700,0.0,0.0
1996-04-03,20.290064739731125,20.290064739731125,19.729049124807684,19.822551727294922,225800,0.0,0.0
1996-04-04,19.822552057412956,19.916054661457355,19.44854164123535,19.44854164123535,176900,0.0,0.0
1996-04-08,19.074534793016387,19.35504265761957,18.887529549947597,19.16803741455078,503600,0.0,0.0
1996-04-09,19.168034942404738,19.355040161355028,19.074532332929593,19.261537551879883,458900,0.0,0.0
1996-04-10,19.168033509884243,20.009556932269405,19.168033509884243,19.822551727294922,274300,0.0,0.0
1996-04-11,19.916055237037547,20.29006566402417,19.168034383064306,19.355039596557617,793400,0.0,0.0
1996-04-12,19.448541317345963,19.822551727294922,19.26153611237148,19.822551727294922,385800,0.0,0.0
1996-04-15,19.82255117210424,20.103058971709487,19.635545972367407,19.916053771972656,345200,0.0,0.0
1996-04-16,19.916055891248913,20.383568940339263,19.822553281430842,20.196563720703125,365900,0.0,0.0
1996-04-17,20.196563720703125,20.757579379611542,20.103061110885054,20.196563720703125,485800,0.0,0.0
1996-04-18,20.196565246582033,20.290067863464355,19.542046928405764,19.635549545288086,338600,0.0,0.0
1996-04-19,19.729049453368553,19.729049453368553,19.16803382910215,19.44854164123535,229200,0.0,0.0
1996-04-22,19.448543388898983,20.19656428847202,19.448543388898983,20.10306167602539,325300,0.0,0.0
1996-04-23,20.009553909301758,20.290061674385427,19.82254873257931,20.009553909301758,242700,0.0,0.0
1996-04-24,20.009553909301758,20.1965590860242,19.72904614421809,20.009553909301758,292900,0.0,0.0
1996-04-25,19.916055891248913,20.196563720703125,19.822553281430842,20.196563720703125,187000,0.0,0.0
1996-04-26,20.054123918400254,20.24154563726381,20.054123918400254,20.14783477783203,171700,0.06,0.0
1996-04-29,20.24154454357219,20.335255397940582,19.866701126098633,19.866701126098633,230200,0.0,0.0
1996-04-30,19.960413058968477,20.24154563726381,19.960413058968477,20.14783477783203,238800,0.0,0.0
1996-05-01,20.05412283483541,20.1478336892038,19.77299027173024,19.866701126098633,291700,0.0,0.0
1996-05-02,19.86670868069518,19.86670868069518,19.117021560668945,19.117021560668945,303000,0.0,0.0
1996-05-03,19.304435821679924,19.679279235693127,19.304435821679924,19.491857528686523,231400,0.0,0.0
1996-05-06,19.491855510230202,19.679277197828572,19.304433822631836,19.304433822631836,200400,0.0,0.0
1996-05-07,19.304433822631836,19.39814466643102,19.11701213503347,19.304433822631836,240500,0.0,0.0
1996-05-08,19.304443340675505,19.398154230678784,18.83588889065911,19.117021560668945,396900,0.0,0.0
1996-05-09,19.11702152252197,19.210732412338256,18.3673344039917,18.742177963256836,424400,0.0,0.0
1996-05-10,18.929594960378772,19.210727558800237,18.83588409423828,18.83588409423828,346900,0.0,0.0
1996-05-13,18.929592667339005,20.241544634382304,18.8358818125502,20.054122924804688,624200,0.0,0.0
1996-05-14,20.241549557202482,20.616393067521045,20.241549557202482,20.522682189941406,630500,0.0,0.0
1996-05-15,20.522684173583986,21.178660380045574,20.522684173583986,21.084949493408203,710700,0.0,0.0
1996-05-16,21.178658706729422,22.2094783782959,21.178658706729422,22.2094783782959,764400,0.0,0.0
1996-05-17,22.022053552710492,22.11576441889224,21.459788355620013,21.553499221801758,601600,0.0,0.0
1996-05-20,21.64720907736951,23.98998062253937,21.553498215562716,23.80255889892578,1017400,0.0,0.0
1996-05-21,23.42771291732788,23.42771291732788,22.396893548965455,22.490604400634766,946100,0.0,0.0
1996-05-22,22.396894454956055,22.58431616587619,22.20947274403592,22.396894454956055,593300,0.0,0.0
1996-05-23,22.11575788132688,22.303179558287276,21.92833620436648,22.02204704284668,387500,0.0,0.0
1996-05-24,22.022055601462338,22.209477351262016,21.740922976762818,21.9283447265625,347100,0.0,0.0
1996-05-28,21.92833620436648,22.396890396767475,21.834625365886282,22.02204704284668,380100,0.0,0.0
1996-05-29,22.022051033115787,22.771737876796323,22.022051033115787,22.396894454956055,664500,0.0,0.0
1996-05-30,22.396893548965455,22.58431525230408,22.303182697296144,22.490604400634766,324800,0.0,0.0
1996-05-31,22.678036685801146,22.959169371988764,22.584325790405273,22.584325790405273,329800,0.0,0.0
1996-06-03,22.67802610397339,22.865447807312012,22.490604400634766,22.490604400634766,263300,0.0,0.0
1996-06-04,22.490604400634766,22.67802610397339,22.396893548965455,22.490604400634766,280600,0.0,0.0
1996-06-05,22.49060638679946,22.77173896663445,22.49060638679946,22.678028106689453,149800,0.0,0.0
1996-06-06,22.865441247759534,23.146573722117232,22.771730422973633,22.771730422973633,220300,0.0,0.0
1996-06-07,22.396892949154502,23.334001440750928,22.115760401675576,23.14657974243164,281400,0.0,0.0
1996-06-10,23.33400458989181,23.896269760732576,23.240293728085017,23.80255889892578,444000,0.0,0.0
1996-06-11,23.708840024086737,24.08368334462566,23.052864213143625,23.240285873413086,522900,0.0,0.0
1996-06-12,23.33399656342297,23.427707392994954,22.959153245135052,23.05286407470703,361400,0.0,0.0
1996-06-13,22.959152072545432,23.052862897331334,22.678019598187735,22.771730422973633,196600,0.0,0.0
1996-06-14,22.77174302509853,23.70885179156349,22.77174302509853,23.615140914916992,350300,0.0,0.0
1996-06-17,23.61512927501374,24.73965924049058,23.61512927501374,24.64594841003418,639200,0.0,0.0
1996-06-18,24.645958691835403,24.73966956138611,23.896271735429764,23.98998260498047,542200,0.0,0.0
1996-06-19,23.896274490660403,23.896274490660403,23.42772008888275,23.52143096923828,503300,0.0,0.0
1996-06-20,23.615140914916992,24.083695298149472,23.334008284977507,23.615140914916992,701600,0.0,0.0
1996-06-21,23.521423722786334,24.364821386153174,23.521423722786334,24.27111053466797,273600,0.0,0.0
1996-06-24,24.364815732858474,25.770478178984927,24.364815732858474,25.676767349243164,788400,0.0,0.0
1996-06-25,25.86419960715554,25.95791047529741,25.208223530162467,25.770488739013672,701700,0.0,0.0
1996-06-26,25.770481780723287,25.957903466401273,25.11450588085033,25.30192756652832,450000,0.0,0.0
1996-06-27,25.114518154872936,25.208229043510524,24.458541934409837,25.02080726623535,330200,0.0,0.0
1996-06-28,25.114509496473726,25.395642065464106,24.83337692748335,24.927087783813477,344900,0.0,0.0
1996-07-01,25.02080919454386,25.676785465561863,24.927098298684147,25.58307456970215,237900,0.0,0.0
1996-07-02,25.77048501383096,26.239039286809707,25.583063304639463,25.95790672302246,359500,0.0,0.0
1996-07-03,26.051624298095703,26.23904605563596,25.58306990424506,26.051624298095703,202100,0.0,0.0
1996-07-05,25.86420336508663,25.86420336508663,25.39564895629883,25.395648956298828,104300,0.0,0.0
1996-07-08,25.020800765822916,25.489355087280273,24.271113851491144,25.489355087280273,623700,0.0,0.0
1996-07-09,25.48935918207769,27.45728764834104,25.48935918207769,26.801311492919922,1001000,0.0,0.0
1996-07-10,26.98872184753418,26.98872184753418,26.3327459692955,26.98872184753418,930300,0.0,0.0
1996-07-11,26.70759742043235,26.80130828857422,25.395645266446202,25.770488739013672,817400,0.0,0.0
1996-07-12,25.583063304639463,26.145328432213958,25.583063304639463,25.95790672302246,472500,0.0,0.0
1996-07-15,26.051600326538086,26.051600326538086,23.333987342834472,23.427698135375977,842400,0.0,0.0
1996-07-16,23.052862011018345,23.146572832201347,21.36606722972432,22.865440368652344,1602200,0.0,0.0
1996-07-17,23.42771416279807,25.11450958251953,23.334003306146876,25.11450958251953,833800,0.0,0.0
1996-07-18,25.583063778124355,25.864196347114735,24.552244358492974,24.927087783813477,636800,0.0,0.0
1996-07-19,24.927093187967937,24.927093187967937,22.95916477839152,23.615140914916992,614400,0.0,0.0
1996-07-22,23.427707533682547,23.427707533682547,22.678020892604703,23.240285873413086,565300,0.0,0.0
1996-07-23,23.24028794308926,23.521420458529857,22.02204704284668,22.02204704284668,421200,0.0,0.0
1996-07-24,20.991233959532618,21.647210020768014,20.897523093641848,21.366077423095703,887700,0.0,0.0
1996-07-25,21.45979134442937,23.146587170629058,21.45979134442937,22.2094783782959,640400,0.0,0.0
1996-07-26,22.34843604434983,22.911841995047727,22.34843604434983,22.442337036132812,198800,0.06,0.0
1996-07-29,22.536245005754022,23.19355215175518,22.348442964039403,22.630146026611328,349100,0.0,0.0
1996-07-30,22.81794982037302,23.099652904575155,22.06674159583399,22.160642623901367,303300,0.0,0.0
1996-07-31,22.066742102305092,22.81795034408569,21.59723695119222,22.53624725341797,339600,0.0,0.0
1996-08-01,22.724047047468638,22.911849089183256,22.442343984896713,22.630146026611328,337000,0.0,0.0
1996-08-02,22.817948466753105,23.756958691722367,22.72404744425618,23.569156646728516,290900,0.0,0.0
1996-08-05,23.569157147016682,23.569157147016682,22.911849975585938,22.911849975585938,165700,0.0,0.0
1996-08-06,22.724050779191277,23.850863214523073,22.536248706635977,23.663061141967773,353100,0.0,0.0
1996-08-07,23.756958691722367,23.94476073671622,23.381354601734664,23.569156646728516,288000,0.0,0.0
1996-08-08,23.7569607719779,24.320366956293583,23.47525767982006,24.038663864135742,246900,0.0,0.0
1996-08-09,24.132555636237647,24.320357625624712,23.66305066276999,23.944753646850586,165900,0.0,0.0
1996-08-12,23.569160105690123,23.850863214523073,23.287456996857177,23.663061141967773,175400,0.0,0.0
1996-08-13,23.475254395879418,23.944759483797004,23.28745236071238,23.3813533782959,387500,0.0,0.0
1996-08-14,23.475248673382925,23.944753646850586,23.475248673382925,23.944753646850586,244100,0.0,0.0
1996-08-15,23.944764250800723,24.320368395911323,23.381358033134827,23.663061141967773,398100,0.0,0.0
1996-08-16,23.569156646728516,23.756958691722367,23.287453579237734,23.569156646728516,315800,0.0,0.0
1996-08-19,23.381356525421143,23.381356525421143,22.53624725341797,22.53624725341797,355500,0.0,0.0
1996-08-20,22.724040715834672,24.132555636237647,22.724040715834672,23.944753646850586,837400,0.0,0.0
1996-08-21,23.850862718397572,24.320367890019572,23.193555478126772,23.287456512451172,431200,0.0,0.0
1996-08-22,23.475254614522136,23.94475970681258,23.38135359606405,23.850858688354492,165000,0.0,0.0
1996-08-23,23.756961822509766,24.038664927124508,23.663060787638187,23.756961822509766,191000,0.0,0.0
1996-08-26,23.756958691722367,23.94476073671622,23.381354601734664,23.569156646728516,232800,0.0,0.0
1996-08-27,23.66305766922544,23.66305766922544,23.381354601734664,23.569156646728516,137700,0.0,0.0
1996-08-28,23.569155632980227,23.850858688354492,23.38135359606405,23.850858688354492,218400,0.0,0.0
1996-08-29,23.850859765788073,25.071573060887463,23.75695874308812,24.602067947387695,555700,0.0,0.0
1996-08-30,24.695971737267833,25.165476903375588,24.695971737267833,24.883773803710938,253900,0.0,0.0
1996-09-03,24.695971737267833,24.977674836932486,24.22646657116008,24.883773803710938,287500,0.0,0.0
1996-09-04,24.97767448425293,25.447179643731367,24.97767448425293,24.97767448425293,420600,0.0,0.0
1996-09-05,24.789872109889984,25.071575202047825,24.038663864135742,24.038663864135742,322900,0.0,0.0
1996-09-06,24.226471418745064,25.16548193885146,24.132570366734424,25.07158088684082,374500,0.0,0.0
1996-09-09,25.259379980299208,25.44718206193712,24.97767685784234,25.353281021118164,276300,0.0,0.0
1996-09-10,25.259374618530273,25.353275639417006,24.977671555870085,25.259374618530273,268900,0.0,0.0
1996-09-11,25.35328299782493,26.010590334805578,25.259381949684837,25.82278823852539,623900,0.0,0.0
1996-09-12,26.01059183775279,26.104492891318685,25.447185516357425,25.447185516357422,241500,0.0,0.0
1996-09-13,25.7288871903853,26.104491382945668,25.634986142245207,25.82278823852539,271800,0.0,0.0
1996-09-16,26.010572225275173,26.761780087376984,25.916671242512447,26.667879104614258,597400,0.0,0.0
1996-09-17,26.57399662364613,26.66789767178622,25.634986142245207,25.82278823852539,337400,0.0,0.0
1996-09-18,25.916681764737383,26.104483806510842,25.259374618530273,25.259374618530273,235000,0.0,0.0
1996-09-19,25.353281021118164,25.44718206193712,25.165478939480252,25.353281021118164,175000,0.0,0.0
1996-09-20,25.35327982546678,25.72888397102925,25.165477752685547,25.165477752685547,205400,0.0,0.0
1996-09-23,25.259377579939994,25.259377579939994,24.508169324774492,24.97767448425293,268400,0.0,0.0
1996-09-24,24.97767203818751,24.97767203818751,24.602067947387695,24.602067947387695,443500,0.0,0.0
1996-09-25,24.789869992787605,24.883771015487557,24.508166924687742,24.602067947387695,157500,0.0,0.0
1996-09-26,24.695972570732458,25.165477752685547,24.414269461560604,25.165477752685547,257800,0.0,0.0
1996-09-27,25.447176660303736,26.010582785624113,24.977671555870085,25.259374618530273,401500,0.0,0.0
1996-09-30,25.447188562525934,26.010594951364148,25.07158430330046,25.634990692138672,295200,0.0,0.0
1996-10-01,25.447185516357425,26.01059183775279,25.071581302093847,25.447185516357422,261100,0.0,0.0
1996-10-02,25.541090011596676,25.634991077815783,25.07158468050115,25.54109001159668,253300,0.0,0.0
1996-10-03,25.541084372179604,26.386193781553196,25.541084372179604,26.010589599609375,307900,0.0,0.0
1996-10-04,26.1044732080379,26.949582052902436,25.916671242512447,26.667879104614258,397700,0.0,0.0
1996-10-07,26.667900502071447,27.513010025024414,26.480098385859677,27.513010025024414,569500,0.0,0.0
1996-10-08,27.419105281898695,27.513006327384648,26.01058959960938,26.010589599609375,361700,0.0,0.0
1996-10-09,25.91668855412342,26.386193781553196,25.91668855412342,26.010589599609375,589900,0.0,0.0
1996-10-10,25.916684404551553,26.480090587259195,25.916684404551553,26.1044864654541,253400,0.0,0.0
1996-10-11,26.104489347669816,26.104489347669816,25.353281021118164,25.353281021118164,257100,0.0,0.0
1996-10-14,25.447184113093787,26.292293548583984,25.447184113093787,26.292293548583984,208000,0.0,0.0
1996-10-15,26.38619561498978,26.38619561498978,24.789877730808904,25.07158088684082,636000,0.0,0.0
1996-10-16,25.165473597643544,25.447176660303736,24.695968493209897,25.259374618530273,301100,0.0,0.0
1996-10-17,25.54109086256761,25.54109086256761,24.414278030395508,24.414278030395508,482800,0.0,0.0
1996-10-18,24.414264342794013,25.071571459715393,24.226462309387905,24.50816535949707,386400,0.0,0.0
1996-10-21,24.414267987012863,24.508169017732143,23.85086180269718,24.038663864135742,494100,0.0,0.0
1996-10-22,24.132551368713376,24.132551368713376,22.16063082885742,23.475244522094727,2207200,0.0,0.0
1996-10-23,23.569162094175585,24.226469403574903,23.193557917375973,24.132568359375,546100,0.0,0.0
1996-10-24,24.32036242374154,24.602065463398777,23.944758370865223,24.22646141052246,424700,0.0,0.0
1996-10-25,24.365699180030067,24.553851297250375,23.80124282836914,23.80124282836914,253800,0.06,0.0
1996-10-28,23.895318074129065,23.895318074129065,22.954557520029493,23.048633575439453,347200,0.0,0.0
1996-10-29,22.76640560752467,23.330861944901315,22.57825349506579,23.236785888671875,299000,0.0,0.0
1996-10-30,23.424935968910773,23.70716411311452,23.048631776639116,23.14270782470703,274700,0.0,0.0
1996-10-31,23.04863357543945,23.236785686259363,22.954557520029493,23.048633575439453,249300,0.0,0.0
1996-11-01,23.14271106719971,23.236787128448487,22.57825469970703,22.57825469970703,289100,0.0,0.0
1996-11-04,22.67232681817091,22.86047890794826,22.39009868350488,22.484174728393555,376900,0.0,0.0
1996-11-05,22.672330760955813,22.76640682220459,22.390102577209472,22.57825469970703,268000,0.0,0.0
1996-11-06,22.672331137735334,23.330863577420594,22.578255074923156,22.954559326171875,525600,0.0,0.0
1996-11-07,22.95455894470215,23.283825159072876,22.57825469970703,22.57825469970703,472100,0.0,0.0
1996-11-08,22.578247196941454,22.67232322692871,21.919714987030662,22.67232322692871,577000,0.0,0.0
1996-11-11,22.766399256915967,22.766399256915967,22.201943076992432,22.67232322692871,321800,0.0,0.0
1996-11-12,22.860482336029293,23.89531898498535,22.484178100045273,23.89531898498535,883700,0.0,0.0
1996-11-13,23.70716058202537,23.801236616081024,23.330856445802745,23.4249324798584,662800,0.0,0.0
1996-11-14,23.330861741669324,23.42493779707928,23.04863357543945,23.048633575439453,304100,0.0,0.0
1996-11-15,23.236785888671875,23.42493800113076,22.76640560752467,23.236785888671875,361300,0.0,0.0
1996-11-18,23.236787514608412,23.236787514608412,22.672331137735334,22.954559326171875,214700,0.0,0.0
1996-11-19,22.954555401586212,23.142707495041837,22.766403308130588,22.8604793548584,176500,0.0,0.0
1996-11-20,22.6723247736442,22.766400810049362,22.39009666442871,22.39009666442871,465400,0.0,0.0
1996-11-21,22.48417642649719,22.672328530484613,22.107872218522342,22.296024322509766,316300,0.0,0.0
1996-11-22,22.296026515960694,22.672330760955813,22.296026515960694,22.57825469970703,260900,0.0,0.0
1996-11-25,22.484181611434273,22.484181611434273,21.35526872717816,21.637496948242188,1183900,0.0,0.0
1996-11-26,21.919716482402897,22.766400810049362,21.543412336782247,22.39009666442871,1386000,0.0,0.0
1996-11-27,22.766403308130588,23.048631448314026,22.672327261402774,22.8604793548584,475200,0.0,0.0
1996-11-29,22.860483074976393,23.142711261087214,22.766407012939453,22.766407012939453,129200,0.0,0.0
1996-12-02,22.860476275524462,23.519008513914056,22.860476275524462,23.4249324798584,552000,0.0,0.0
1996-12-03,23.707149169921873,24.553833068847656,23.518997192382812,23.518997192382812,865300,0.0,0.0
1996-12-04,23.613089907899194,23.613089907899194,22.860481464619536,23.048633575439453,599800,0.0,0.0
1996-12-05,23.048627346877737,23.14270337686499,22.578247196941454,22.67232322692871,408300,0.0,0.0
1996-12-06,21.26118422756676,22.484172700833874,21.073032154756433,22.39009666442871,559700,0.0,0.0
1996-12-09,22.484178153504715,22.766406331163772,21.919721798186604,22.107873916625977,581400,0.0,0.0
1996-12-10,22.107879565312313,22.107879565312313,21.637499149029072,22.013803482055664,516000,0.0,0.0
1996-12-11,21.44934480086617,21.7315730219302,21.35526872717816,21.637496948242188,463000,0.0,0.0
1996-12-12,21.82564679711266,22.013798924673978,20.790810095525423,21.26119041442871,665200,0.0,0.0
1996-12-13,21.073028009588068,21.167104027488016,20.414495884288442,20.69672393798828,711300,0.0,0.0
1996-12-16,20.508580769333882,20.79080894505866,20.038200476459252,20.13227653503418,628200,0.0,0.0
1996-12-17,20.22635307486199,20.88488550055517,20.038200953235368,20.602657318115234,476300,0.0,0.0
1996-12-18,21.073040093315974,21.543420452541778,20.978964021470812,21.167116165161133,416700,0.0,0.0
1996-12-19,21.355268644974224,21.825649011603613,21.261192571648344,21.543420791625977,452600,0.0,0.0
1996-12-20,21.825641043910895,22.013793121875644,21.0730327320519,21.355260848999023,472500,0.0,0.0
1996-12-23,21.167113682995105,21.167113682995105,20.508581257301923,20.602657318115234,465200,0.0,0.0
1996-12-24,20.69673114352756,20.884883244832356,20.32042694091797,20.32042694091797,350400,0.0,0.0
1996-12-26,20.414507832443505,22.29602929165489,20.414507832443505,21.449344635009766,459800,0.0,0.0
1996-12-27,21.637496948242188,22.107877316682238,21.54342087455418,21.637496948242188,287400,0.0,0.0
1996-12-30,22.013803482055664,22.107879565312313,21.73157523228572,22.013803482055664,397700,0.0,0.0
1996-12-31,21.91972516930622,22.107877316682238,21.44934480086617,21.637496948242188,278500,0.0,0.0
1997-01-02,21.7315731048584,21.91972525295241,21.637497030811392,21.7315731048584,214500,0.0,0.0
1997-01-03,22.013798698050074,23.048635388984053,21.825646572425715,22.954559326171875,607100,0.0,0.0
1997-01-06,23.14271036238118,23.42493853753217,21.82564554500989,21.919721603393555,565000,0.0,0.0
1997-01-07,22.107872218522342,22.296024322509766,21.543415906560067,22.296024322509766,393300,0.0,0.0
1997-01-08,22.484177953695536,22.5782540120792,21.637493428242568,21.919721603393555,410700,0.0,0.0
1997-01-09,22.01379616652863,22.296024322509766,21.825644062541205,22.296024322509766,327100,0.0,0.0
1997-01-10,22.201946593727527,22.67232681817091,21.637490324395472,22.484174728393555,477100,0.0,0.0
1997-01-13,22.672330271944084,22.766406331163772,21.82564573896692,22.107873916625977,675900,0.0,0.0
1997-01-14,22.201955648568962,22.201955648568962,21.91972739879902,22.013803482055664,348500,0.0,0.0
1997-01-15,22.013803482055664,22.107879565312313,21.637499149029072,22.013803482055664,396200,0.0,0.0
1997-01-16,22.013794503950177,22.57825077328223,22.013794503950177,22.484174728393555,623300,0.0,0.0
1997-01-17,22.57825387901519,23.989394746453637,22.48417782118596,23.61309051513672,1213000,0.0,0.0
1997-01-20,23.801243214291823,24.36569957510507,23.5190150338852,24.177547454833984,1031500,0.0,0.0
1997-01-21,24.647920854163893,25.49460515831456,24.365692752780337,24.83607292175293,3020100,0.0,0.0
1997-01-22,24.836084601584442,25.21238891372966,24.36570421140292,25.11831283569336,1287900,0.0,0.0
1997-01-23,24.836072990693243,25.40052919502718,23.236780411747088,23.4249324798584,1726600,0.0,0.0
1997-01-24,23.98939248054258,23.98939248054258,23.23678408899615,23.330860137939453,648600,0.0,0.0
1997-01-27,23.989392916361492,24.08346896701389,23.707164764404297,23.707164764404297,532900,0.0,0.0
1997-01-28,23.989395043981357,24.36569927996538,23.801242925989346,23.89531898498535,518200,0.0,0.0
1997-01-29,24.459778348306067,25.11831084229892,24.459778348306067,25.024234771728516,1580000,0.0,0.0
1997-01-30,25.024224989341967,25.024224989341967,24.647920854163893,24.83607292175293,560500,0.0,0.0
1997-01-31,24.794601047530154,25.26598129558206,24.794601047530154,25.17170524597168,984900,0.07,0.0
1997-02-03,25.171698424895897,25.54880252114902,24.888870352706057,25.36025047302246,679100,0.0,0.0
1997-02-04,25.36024604188172,25.36024604188172,24.70031398874725,24.79458999633789,456000,0.0,0.0
1997-02-05,24.888869423902673,25.265973506083014,24.511765341722327,24.7003173828125,821900,0.0,0.0
1997-02-06,24.700325411419538,24.700325411419538,24.228945155476417,24.32322120666504,337800,0.0,0.0
1997-02-07,24.511765341722327,24.7003173828125,24.32321330063216,24.7003173828125,410400,0.0,0.0
1997-02-10,24.70032271754239,24.70032271754239,24.228942513009137,24.606046676635742,500400,0.0,0.0
1997-02-11,24.606049360230912,24.606049360230912,24.13466910428779,24.32322120666504,345400,0.0,0.0
1997-02-12,24.228932909667492,24.228932909667492,23.946104899048805,24.13465690612793,411300,0.0,0.0
1997-02-13,24.228932909667492,24.417484916746616,24.040380902588367,24.13465690612793,411900,0.0,0.0
1997-02-14,24.32322574028602,24.511777877807617,24.040397534003624,24.511777877807617,262400,0.0,0.0
1997-02-18,24.51177063572909,24.79459875844904,24.51177063572909,24.606046676635742,518200,0.0,0.0
1997-02-19,24.7003173828125,24.794593403357585,24.606041362267415,24.7003173828125,501800,0.0,0.0
1997-02-20,24.700323082593627,24.700323082593627,24.228942871093746,24.22894287109375,300000,0.0,0.0
1997-02-21,24.04038923059999,24.134665266798418,23.4747330134094,23.851837158203125,347600,0.0,0.0
1997-02-24,23.94612146524283,24.606053946568416,23.85184539648203,24.511777877807617,374800,0.0,0.0
1997-02-25,24.79460444486231,25.17170869497428,24.511776257278328,25.07743263244629,416200,0.0,0.0
1997-02-26,25.077418019109807,25.077418019109807,24.323209958384698,24.79458999633789,261600,0.0,0.0
1997-02-27,24.7945991248936,24.7945991248936,24.134666828793772,24.22894287109375,174100,0.0,0.0
1997-02-28,24.1346695066437,24.228945559404025,23.85184134836272,23.946117401123047,177500,0.0,0.0
1997-03-03,23.85184504534747,24.41750144958496,23.757568977974557,24.41750144958496,256800,0.0,0.0
1997-03-04,24.51177063572909,24.70032271754239,24.228942513009137,24.606046676635742,277500,0.0,0.0
1997-03-05,24.511770997993676,24.7945991248936,23.94611474419382,24.22894287109375,212600,0.0,0.0
1997-03-06,24.22893728008707,24.794593403357585,24.134661259541986,24.7003173828125,357200,0.0,0.0
1997-03-07,24.700325411419538,24.888877513796785,24.228945155476417,24.32322120666504,276400,0.0,0.0
1997-03-10,24.04038311522684,24.134659127443417,22.43769090754505,22.90907096862793,1921200,0.0,0.0
1997-03-11,23.286186165279812,23.757566452026367,22.90908193588257,23.757566452026367,1132000,0.0,0.0
1997-03-12,23.66328735045161,23.66328735045161,23.097631079126074,23.474735260009766,427100,0.0,0.0
1997-03-13,23.28618658742597,23.569014764601185,23.09763446930916,23.380462646484375,292700,0.0,0.0
1997-03-14,23.38045128219796,23.38045128219796,21.777759057208584,22.531967163085938,1058900,0.0,0.0
1997-03-17,22.814795202789945,22.814795202789945,22.43769114985127,22.531967163085938,495300,0.0,0.0
1997-03-18,22.53196567694346,22.72051769097646,22.43768966992696,22.62624168395996,254100,0.0,0.0
1997-03-19,22.626242757845326,22.626242757845326,22.154862700390215,22.43769073486328,351500,0.0,0.0
1997-03-20,22.531978680537296,22.62625474196214,21.966322311988243,22.060598373413086,216900,0.0,0.0
1997-03-21,22.06059381026256,22.720526103731952,21.589213600641564,22.343421936035156,566400,0.0,0.0
1997-03-24,22.34341963266922,22.43769566487458,22.15486756825851,22.249143600463867,360300,0.0,0.0
1997-03-25,22.43769073486328,22.626242757845326,22.34341472337226,22.43769073486328,316200,0.0,0.0
1997-03-26,22.249143600463867,22.34341963266922,22.15486756825851,22.249143600463867,367100,0.0,0.0
1997-03-27,22.34342115686295,22.437697195499503,22.154869079589844,22.154869079589844,322900,0.0,0.0
1997-03-31,22.154872552796743,22.2491486062129,21.589216232299805,21.589216232299805,400800,0.0,0.0
1997-04-01,21.494931182170884,21.589207196127774,20.740723070515767,20.834999084472656,619200,0.0,0.0
1997-04-02,20.835005947443992,21.117834082477167,20.363625722388697,20.646453857421875,636800,0.0,0.0
1997-04-03,20.552175521850586,20.740727590858388,20.080795349331076,20.552175521850586,575500,0.0,0.0
1997-04-04,20.646453181399576,22.720526103731952,20.646453181399576,22.343421936035156,817000,0.0,0.0
1997-04-07,22.720530233075543,23.380462646484375,22.626254174017138,23.380462646484375,714000,0.0,0.0
1997-04-08,23.28618162505481,23.474733702990473,23.00335350815131,23.09762954711914,423900,0.0,0.0
1997-04-09,23.19190216064453,23.380454210731074,23.09762613560126,23.19190216064453,261200,0.0,0.0
1997-04-10,23.191905586086975,23.28618162505481,22.909077469183476,23.09762954711914,283500,0.0,0.0
1997-04-11,23.097627890312065,23.097627890312065,22.15486756825851,22.249143600463867,254400,0.0,0.0
1997-04-14,22.343417935255097,23.19190216064453,22.343417935255097,23.19190216064453,266100,0.0,0.0
1997-04-15,23.75754455566406,24.040372467041013,23.47471664428711,23.568992614746094,402100,0.0,0.0
1997-04-16,23.6632802252676,24.134660309436278,23.47472819160013,24.04038429260254,388500,0.0,0.0
1997-04-17,24.60605358433079,24.98315785382245,24.323225382212048,24.41750144958496,1011600,0.0,0.0
1997-04-18,24.51177063572909,25.077426881168993,24.41749459482244,24.606046676635742,867100,0.0,0.0
1997-04-21,24.417498470777534,24.417498470777534,23.380461856188525,23.66329002380371,525500,0.0,0.0
1997-04-22,23.569014764601185,23.569014764601185,23.09763446930916,23.380462646484375,312000,0.0,0.0
1997-04-23,23.474733702990473,23.474733702990473,22.909077469183476,23.09762954711914,364400,0.0,0.0
1997-04-24,23.097632226865155,23.19190827677073,22.720528027242867,22.814804077148438,400500,0.0,0.0
1997-04-25,22.773231506347656,22.773231506347656,21.922778877479903,22.773231506347656,499800,0.07,0.0
1997-04-28,22.773219798898097,22.773219798898097,22.395241047049165,22.584230422973633,177700,0.0,0.0
1997-04-29,22.584237202008563,22.773226634661356,22.395247769355773,22.67873191833496,357300,0.0,0.0
1997-04-30,22.678725110935865,22.773219798898097,22.395241047049165,22.584230422973633,499500,0.0,0.0
1997-05-01,22.58423475992112,23.90716064543951,22.48974005381266,23.812665939331055,482500,0.0,0.0
1997-05-02,23.812652252197267,23.907146903991702,23.245684341430664,23.6236629486084,386800,0.0,0.0
1997-05-05,23.81266075372696,24.285134181380272,23.718166068196297,24.19063949584961,414300,0.0,0.0
1997-05-06,24.001658131876788,24.09615284893142,23.623679263658257,23.71817398071289,425700,0.0,0.0
1997-05-07,23.7181712332226,23.90716064543951,23.529181821005686,23.812665939331055,313400,0.0,0.0
1997-05-08,23.812664140973773,24.00165353891801,23.05670654919683,23.151201248168945,212400,0.0,0.0
1997-05-09,23.34018972645635,23.90715789794922,23.24569503120754,23.90715789794922,391400,0.0,0.0
1997-05-12,24.09614372253418,24.47412244759354,24.001649041269342,24.09614372253418,532000,0.0,0.0
1997-05-13,24.096146455899934,24.190641147883856,23.907157071932094,24.001651763916016,351600,0.0,0.0
1997-05-14,24.096150057656423,24.285139469873336,23.623676527114142,23.812665939331055,438800,0.0,0.0
1997-05-15,23.71817377389195,23.812668490122597,23.340194908969373,23.529184341430664,243200,0.0,0.0
1997-05-16,23.43468037589652,23.43468037589652,22.86771230228612,23.05670166015625,300000,0.0,0.0
1997-05-19,23.151201487552783,23.434685587400367,23.151201487552783,23.340190887451172,268400,0.0,0.0
1997-05-20,23.43468982954899,23.81266869776752,23.245700395439723,23.71817398071289,319500,0.0,0.0
1997-05-21,24.09614372253418,24.285133085063862,23.9071543600045,24.09614372253418,421900,0.0,0.0
1997-05-22,24.190641654554266,24.568620430406675,24.096146960591163,24.37963104248047,442200,0.0,0.0
1997-05-23,24.474124908447266,24.663114289979674,24.379630217681058,24.474124908447266,374500,0.0,0.0
1997-05-27,24.474125736443572,24.474125736443572,23.812662878701854,24.37963104248047,407000,0.0,0.0
1997-05-28,24.474125736443572,24.568620430406675,23.812662878701854,24.37963104248047,464700,0.0,0.0
1997-05-29,24.379627766328703,24.379627766328703,23.9071543600045,24.09614372253418,272600,0.0,0.0
1997-05-30,24.09614614538244,24.474124908447266,24.001651454616237,24.474124908447266,322000,0.0,0.0
1997-06-02,24.56862514180348,25.2300881263905,24.474130429719622,25.13559341430664,922600,0.0,0.0
1997-06-03,25.324577524343553,26.3640191391487,25.324577524343553,26.175029754638672,1189100,0.0,0.0
1997-06-04,26.26952934265137,26.647508182113977,26.175034632785717,26.269529342651367,1086500,0.0,0.0
1997-06-05,26.269524446893683,26.3640191391487,25.986040370128645,26.175029754638672,394900,0.0,0.0
1997-06-06,26.17503824095795,26.17503824095795,25.79705934939177,26.080543518066406,374200,0.0,0.0
1997-06-09,26.17503824095795,26.17503824095795,25.98604879517486,26.080543518066406,373200,0.0,0.0
1997-06-10,26.269518290662596,27.308959661875864,26.1750236205523,27.119970321655273,1074500,0.0,0.0
1997-06-11,26.836491715280633,27.308965160972193,26.836491715280633,26.930986404418945,559900,0.0,0.0
1997-06-12,27.214469091290006,27.78143719735855,27.11997440694525,27.308963775634766,807200,0.0,0.0
1997-06-13,27.40345433198616,27.40345433198616,26.930980981434676,27.119970321655273,439900,0.0,0.0
1997-06-16,27.025479722600494,27.592447828669034,26.930985038255734,27.308963775634766,800900,0.0,0.0
1997-06-17,27.30897078448779,27.686949618875165,27.02548665869726,27.59245491027832,791900,0.0,0.0
1997-06-18,27.592455563129192,28.25391853895763,27.497960852296558,28.159423828125,612200,0.0,0.0
1997-06-19,28.537402671455535,28.63189738228817,27.875939695627096,28.159423828125,564000,0.0,0.0
1997-06-20,28.159425504090354,29.104372668657145,27.970436071176998,28.82088851928711,694000,0.0,0.0
1997-06-23,28.82088680395344,28.82088680395344,27.78144498479446,28.159423828125,521800,0.0,0.0
1997-06-24,27.875933931470932,27.875933931470932,27.025481709832835,27.73419189453125,804600,0.0,0.0
1997-06-25,27.78146081698143,28.159439875715872,27.68696605229782,27.87595558166504,309800,0.0,0.0
1997-06-26,27.97043072153203,28.15942011829914,27.261720483655374,27.497957229614258,211000,0.0,0.0
1997-06-27,27.592446724573772,27.686941405137382,27.167220662037533,27.214468002319336,191900,0.0,0.0
1997-06-30,27.30896405770745,27.356211400367844,26.836490631103516,26.836490631103516,300800,0.0,0.0
1997-07-01,26.883739059849788,27.21447047183388,26.836491715280633,26.930986404418945,220900,0.0,0.0
1997-07-02,26.836493203184858,26.978235244750977,26.74199850880745,26.978235244750977,274400,0.0,0.0
1997-07-03,27.02547931835853,27.403458050083824,27.02547931835853,27.356210708618164,153700,0.0,0.0
1997-07-07,27.639707811947527,28.348418268664133,27.403470993041996,27.403470993041992,586400,0.0,0.0
1997-07-08,27.686954498291016,27.734201860916084,27.545212410415804,27.686954498291016,632000,0.0,0.0
1997-07-09,27.686945028238366,27.923181760561217,26.883740138340663,27.025482177734375,438500,0.0,0.0
1997-07-10,27.07273125937741,27.356215356334243,27.025483909884603,27.261720657348633,156600,0.0,0.0
1997-07-11,27.497958193398194,27.54520554424596,26.55301117644293,26.742000579833984,201600,0.0,0.0
1997-07-14,26.742008497130197,27.59246106417674,26.742008497130197,27.54521369934082,298800,0.0,0.0
1997-07-15,27.639694064855576,28.017672787110012,27.167220662037533,27.214468002319336,385900,0.0,0.0
1997-07-16,27.308964272663726,29.009868621826172,27.261716929631437,29.009868621826172,561000,0.0,0.0
1997-07-17,28.915385926542832,28.915385926542832,27.639707135665944,27.686954498291016,625000,0.0,0.0
1997-07-18,27.686953376693978,28.44291114807129,27.119985048160995,28.44291114807129,401800,0.0,0.0
1997-07-21,28.4429241697667,28.53741893445031,27.78146081698143,27.87595558166504,297400,0.0,0.0
1997-07-22,27.875931464740443,27.875931464740443,27.167221342755518,27.356210708618164,341700,0.0,0.0
1997-07-23,27.214475570186494,27.308970277027417,26.269528501777238,26.364023208618164,979600,0.0,0.0
1997-07-24,26.458507835442294,26.836486518805756,26.316765829180998,26.647497177124023,767400,0.0,0.0
1997-07-25,26.558501233409732,26.889890731865826,26.416477162642835,26.60584259033203,413800,0.07,0.0
1997-07-28,26.653180174583934,26.70052152480522,25.94305992126465,25.94305992126465,845300,0.0,0.0
1997-07-29,25.753704285353756,25.84838702169697,25.185607867294483,25.280290603637695,839300,0.0,0.0
1997-07-30,24.8068728566597,26.605844552371664,24.570166054592335,26.416479110717773,1687900,0.0,0.0
1997-07-31,26.511169433593754,26.747876303536554,26.22712118966239,26.51116943359375,353300,0.0,0.0
1997-08-01,26.22712118966239,26.558510807582312,26.03775569370815,26.51116943359375,427500,0.0,0.0
1997-08-04,26.511156055289256,26.8898868560791,26.463814705190522,26.8898868560791,327000,0.0,0.0
1997-08-05,26.88989168373772,27.031915759532108,26.41647809775642,26.65318489074707,535200,0.0,0.0
1997-08-06,26.605844338181125,27.315964738666388,26.558502978148777,27.173940658569336,577300,0.0,0.0
1997-08-07,27.221276306770218,27.315959006967677,26.653180105585445,26.8898868560791,363000,0.0,0.0
1997-08-08,26.51116081495268,26.65318489074707,26.41647809775642,26.65318489074707,328000,0.0,0.0
1997-08-11,26.653182022960472,26.700523376464844,26.51115796244736,26.700523376464844,177300,0.0,0.0
1997-08-12,26.984587990663904,27.03192937310367,26.511174166266294,26.558515548706055,239800,0.0,0.0
1997-08-13,26.558513771481746,26.558513771481746,26.22712411657912,26.36914825439453,239600,0.0,0.0
1997-08-14,26.463825315183346,26.463825315183346,26.179777100709106,26.274459838867188,234900,0.0,0.0
1997-08-15,26.274453278850107,26.321794636109296,25.706356991739835,25.753698348999023,428500,0.0,0.0
1997-08-18,25.70636340991871,26.274459838867188,25.56433930268159,26.274459838867188,323100,0.0,0.0
1997-08-19,26.463811874389645,26.605835909493706,26.274446494250903,26.46381187438965,279400,0.0,0.0
1997-08-20,26.46382805960519,26.511169433593754,26.13243844168527,26.51116943359375,328500,0.0,0.0
1997-08-21,26.41648105237124,26.60584650794379,26.13243286901241,26.32179832458496,296700,0.0,0.0
1997-08-22,25.943057079008096,26.463811874389645,25.753691698869353,26.46381187438965,264800,0.0,0.0
1997-08-25,26.369147646558154,26.416489024738688,25.80105110839173,25.848392486572266,233400,0.0,0.0
1997-08-26,25.75369936460024,25.801040723726345,25.32762713246531,25.516992568969727,546600,0.0,0.0
1997-08-27,25.28028769466464,25.422311782836914,24.85421543014782,25.422311782836914,641600,0.0,0.0
1997-08-28,25.42230805862108,25.42230805862108,24.61750501021036,24.948894500732422,706400,0.0,0.0
1997-08-29,24.948896259456482,25.61167528722193,24.806872182078173,25.516992568969727,276800,0.0,0.0
1997-09-02,25.61168416221187,25.84839103986632,24.99624628031029,25.09092903137207,517200,0.0,0.0
1997-09-03,25.13826446251676,25.659019470214844,25.090923098180568,25.659019470214844,461600,0.0,0.0
1997-09-04,25.80103962317757,26.227111837138303,25.753698266070824,26.132429122924805,393200,0.0,0.0
1997-09-05,26.227111734953642,26.889890731865826,26.227111734953642,26.60584259033203,473100,0.0,0.0
1997-09-08,26.795212727164888,26.937236822891908,26.653188631437864,26.842554092407227,252400,0.0,0.0
1997-09-09,26.70052050046272,27.22127533291855,26.558496455247493,27.1265926361084,405300,0.0,0.0
1997-09-10,27.03191955337659,27.07926091861893,26.842554092407227,26.842554092407227,275000,0.0,0.0
1997-09-11,26.605838755486715,27.031910906375295,26.605838755486715,26.8898868560791,316100,0.0,0.0
1997-09-12,26.889888790482324,26.889888790482324,26.36913390193425,26.700523376464844,202700,0.0,0.0
1997-09-15,26.511172392209943,26.511172392209943,26.132441358035514,26.36914825439453,207800,0.0,0.0
1997-09-16,26.369135908458546,26.795208122419275,25.99040505160456,26.132429122924805,355000,0.0,0.0
1997-09-17,26.13243311357674,26.13243311357674,25.422312648533897,25.659019470214844,439000,0.0,0.0
1997-09-18,25.46966049222231,26.037757008777454,25.46966049222231,25.895732879638672,419600,0.0,0.0
1997-09-19,25.75370031286169,25.943065756338612,25.469652147646304,25.564334869384766,323200,0.0,0.0
1997-09-22,25.659026973850125,25.848392486572266,25.043589057503166,25.848392486572266,638300,0.0,0.0
1997-09-23,25.75370031286169,25.75370031286169,25.280286704169377,25.564334869384766,520900,0.0,0.0
1997-09-24,25.564333928095827,25.706358005474137,25.422309850717518,25.516992568969727,352800,0.0,0.0
1997-09-25,25.516987769273076,26.085083971928505,25.469646419051788,25.94305992126465,348400,0.0,0.0
1997-09-26,26.037737841163175,26.13242052422195,25.9430551581044,25.99039649963379,282600,0.0,0.0
1997-09-29,26.037757008777454,26.27446389067543,25.753708750499882,25.895732879638672,306000,0.0,0.0
1997-09-30,25.753700064929156,26.416479110717773,25.753700064929156,26.416479110717773,484500,0.0,0.0
1997-10-01,26.463820471131246,26.463820471131246,26.085089587823465,26.416479110717773,564000,0.0,0.0
1997-10-02,26.274451262684074,26.416475323563446,26.08508584817824,26.227109909057617,377300,0.0,0.0
1997-10-03,26.321785869073434,26.36912721056457,25.70634842968862,25.8010311126709,431900,0.0,0.0
1997-10-06,25.753709730211195,25.848392486572266,25.374978704766914,25.848392486572266,883700,0.0,0.0
1997-10-07,25.848385715657702,26.13243391033526,25.753702984098513,26.085092544555664,397700,0.0,0.0
1997-10-08,26.1324272018047,26.274451262684074,25.801037726419494,26.227109909057617,848200,0.0,0.0
1997-10-09,26.1324271344124,26.889888790482324,26.085085780908027,26.700523376464844,462100,0.0,0.0
1997-10-10,26.70052530417663,26.70052530417663,26.416477162642835,26.60584259033203,304100,0.0,0.0
1997-10-13,26.605847266195525,26.88989545764957,26.605847266195525,26.842554092407227,232100,0.0,0.0
1997-10-14,26.842545505980368,27.315959006967677,26.653180105585445,26.8898868560791,535100,0.0,0.0
1997-10-15,26.8425510347504,27.647354152194414,26.747868315051104,27.552671432495117,668800,0.0,0.0
1997-10-16,27.50533305624257,27.552674421227497,27.126602136363154,27.221284866333008,324400,0.0,0.0
1997-10-17,27.221284064303017,27.221284064303017,26.41648088327145,26.795211791992188,347800,0.0,0.0
1997-10-20,26.60584439060144,27.03191663173207,26.60584439060144,26.984575271606445,250700,0.0,0.0
1997-10-21,27.03192937310367,27.07927075554343,26.558515548706055,26.558515548706055,273400,0.0,0.0
1997-10-22,26.46381945635455,26.79520896654146,26.179771304765772,26.65318489074707,348400,0.0,0.0
1997-10-23,26.085083971928505,26.321790723034933,25.56432911949436,25.94305992126465,403800,0.0,0.0
1997-10-24,26.091071512426396,26.51801631899337,25.52181177033709,25.711565017700195,560600,0.07,0.0
1997-10-27,25.142300923665367,25.42693074544271,23.719151814778648,24.19353485107422,542400,0.0,0.0
1997-10-28,22.770394411954012,25.42694042668198,22.67551776857087,25.047433853149414,1091000,0.0,0.0
1997-10-29,25.189741760883724,25.616686536491923,25.094865144081904,25.284618377685547,352500,0.0,0.0
1997-10-30,24.952550291554807,25.04742690863296,24.240975663468642,24.573043823242188,220900,0.0,0.0
1997-10-31,24.573047024335047,24.667923653772633,24.33585545074108,24.47817039489746,302700,0.0,0.0
1997-11-03,24.525608709616254,24.762800283210222,24.33585545074108,24.47817039489746,503000,0.0,0.0
1997-11-04,24.38329631472097,24.66792623279164,24.28841967536408,24.430734634399414,362400,0.0,0.0
1997-11-05,24.525611577969844,25.7115695846415,24.288419976635513,25.379501342773438,513900,0.0,0.0
1997-11-06,25.42693074544271,25.47436904907227,24.952547709147137,25.474369049072266,284500,0.0,0.0
1997-11-07,25.284620959276513,25.284620959276513,24.71536120034346,25.094867706298828,277900,0.0,0.0
1997-11-10,25.237183362588112,25.284621677179445,24.66792358749214,24.762800216674805,120000,0.0,0.0
1997-11-11,24.762802872148534,24.857679511505424,24.335857995042524,24.430734634399414,142500,0.0,0.0
1997-11-12,24.28841607097672,24.28841607097672,23.24477319292694,23.434526443481445,366700,0.0,0.0
1997-11-13,23.434516967773437,23.861461608886717,23.339640380859375,23.719146728515625,301700,0.0,0.0
1997-11-14,23.908913310906048,24.193543231273978,23.576845070476796,23.861474990844727,234000,0.0,0.0
1997-11-17,24.05122559530693,24.762800317061576,23.86147233617236,24.33585548400879,306600,0.0,0.0
1997-11-18,24.14609904639049,24.66792044032034,24.09866073785141,24.573043823242188,244100,0.0,0.0
1997-11-19,24.620476323154133,24.620476323154133,23.95634016029448,24.0037784576416,282800,0.0,0.0
1997-11-20,24.28841082502432,24.762793848950576,24.28841082502432,24.38328742980957,262500,0.0,0.0
1997-11-21,24.478164034594823,24.525602336987447,24.28841082502432,24.38328742980957,181200,0.0,0.0
1997-11-24,24.28841987139662,24.383296511519262,23.861474990844727,23.861474990844727,252800,0.0,0.0
1997-11-25,24.003786060805407,24.288415935044206,23.95634774843227,24.146100997924805,194500,0.0,0.0
1997-11-26,23.95634016029448,24.146093349682953,23.908901862947364,24.0037784576416,179500,0.0,0.0
1997-11-28,24.05121994018555,24.335849761962894,24.05121994018555,24.19353485107422,81900,0.0,0.0
1997-12-01,24.3358522805468,24.620482131781262,24.14609904639049,24.573043823242188,268000,0.0,0.0
1997-12-02,24.288420706084278,25.047433853149414,24.003790775934853,25.047433853149414,260400,0.0,0.0
1997-12-03,25.23718468592717,25.426937954242412,24.14610339311453,24.667924880981445,663500,0.0,0.0
1997-12-04,24.8576704421846,24.8576704421846,23.908904394772975,23.956342697143555,462500,0.0,0.0
1997-12-05,23.956352181321993,24.288420429379922,23.719160575566328,24.09866714477539,243700,0.0,0.0
1997-12-08,24.240977092704387,24.240977092704387,23.43452579999211,23.481964111328125,418000,0.0,0.0
1997-12-09,23.244778162025543,23.76659971260163,22.86527157978839,23.624284744262695,397600,0.0,0.0
1997-12-10,23.481964181970664,23.529402493449393,22.912704444225923,23.05501937866211,299400,0.0,0.0
1997-12-11,22.770393973069567,22.96014725617848,22.390887406851743,22.865270614624023,478400,0.0,0.0
1997-12-12,22.86527204714747,23.149901989643084,22.390888809654783,22.48576545715332,435700,0.0,0.0
1997-12-15,22.29600270589193,22.29600270589193,21.157483418782554,22.05881118774414,606400,0.0,0.0
1997-12-16,21.96393711813565,22.41460105468487,21.679307263472985,22.011375427246094,359200,0.0,0.0
1997-12-17,22.011378152029856,22.201131411961146,21.204926797321864,21.252365112304688,921100,0.0,0.0
1997-12-18,21.29980342728751,21.63187163216727,21.252365112304688,21.252365112304688,614600,0.0,0.0
1997-12-19,21.252360673384235,21.34723728353327,20.73053931756453,20.872854232788086,553800,0.0,0.0
1997-12-22,20.872854232788086,21.252360673384235,20.77797762263905,20.872854232788086,574800,0.0,0.0
1997-12-23,20.92029840597697,21.06261336111967,20.303600267025267,20.44591522216797,1072900,0.0,0.0
1997-12-24,20.16128033542177,20.20871864209335,19.63945896203438,19.829212188720703,482700,0.0,0.0
1997-12-26,19.781781875410456,22.01138318990516,19.639466897889516,21.72675323486328,1179900,0.0,0.0
1997-12-29,21.631872253417967,21.7267488861084,20.87285919189453,21.34724235534668,702400,0.0,0.0
1997-12-30,21.34724370549234,21.34724370549234,20.635668915309264,21.11005210876465,841400,0.0,0.0
1997-12-31,20.92029496825237,22.390882596406165,20.872856657666766,21.67930793762207,701700,0.0,0.0
1998-01-02,21.821624259777668,21.821624259777668,21.06261124204627,21.157487869262695,727000,0.0,0.0
1998-01-05,21.157487869262695,21.44211775091197,21.01517292843806,21.157487869262695,729800,0.0,0.0
1998-01-06,21.110040444248128,21.110040444248128,19.971521409052723,20.11383628845215,1721300,0.0,0.0
1998-01-07,19.781768236520158,20.11383628845215,19.449700184588163,20.11383628845215,1470600,0.0,0.0
1998-01-08,20.113840124873203,21.110044470680602,19.68689540524146,20.825414657592773,1361800,0.0,0.0
1998-01-09,20.96773480032092,21.15748805643242,20.208721775874913,20.303598403930664,824900,0.0,0.0
1998-01-12,19.734343493426287,20.493356704711914,19.639466842015583,20.493356704711914,591300,0.0,0.0
1998-01-13,21.06261245727539,21.394680671691894,20.825420875549316,21.34724235534668,736300,0.0,0.0
1998-01-14,21.442126388383585,21.774194717407223,21.34724972294826,21.774194717407227,821000,0.0,0.0
1998-01-15,22.011373536776652,22.011373536776652,21.442113876342773,21.442113876342773,322700,0.0,0.0
1998-01-16,21.821621568688066,22.011374799720137,21.536991722139962,21.9164981842041,362500,0.0,0.0
1998-01-20,22.485759033644495,23.149895376410367,22.34344410305181,22.960142135620117,799900,0.0,0.0
1998-01-21,23.055024557450704,23.055024557450704,22.10625811475726,22.817832946777344,523600,0.0,0.0
1998-01-22,22.675516172710218,22.77039280941612,22.533201217651367,22.533201217651367,324600,0.0,0.0
1998-01-23,22.390890637283803,22.675520603011986,21.916507361070163,22.628082275390625,473800,0.0,0.0
1998-01-26,22.770397258254715,22.960150568740172,22.296013982041075,22.628082275390625,376000,0.0,0.0
1998-01-27,22.62807020857104,23.292206441107716,22.62807020857104,23.102453231811523,594500,0.0,0.0
1998-01-28,23.197334962038653,23.244773274844455,22.865266772398016,23.00758171081543,743400,0.0,0.0
1998-01-29,20.208725459015312,21.015176944468976,19.829218877625355,20.588232040405273,4151500,0.0,0.0
1998-01-30,20.63567168182797,20.96773996176543,20.208726750479805,20.493356704711914,1408000,0.0,0.0
1998-02-02,20.68310797704409,21.252367829623285,20.635669655995823,20.777984619140625,1334900,0.0,0.0
1998-02-03,20.872859118277564,22.01137870654725,20.82542080209966,21.631872177124023,1355400,0.0,0.0
1998-02-04,21.53699569873982,21.631872331773913,20.967735900535242,21.062612533569336,1027400,0.0,0.0
1998-02-05,21.11005897776852,21.584442325583545,21.062620642987017,21.29981231689453,759400,0.0,0.0
1998-02-06,21.400620066102274,21.876189400904547,21.400620066102274,21.733518600463867,587100,0.07,0.0
1998-02-09,21.733521782101096,22.256648126965672,21.685964841658862,22.209091186523438,510700,0.0,0.0
1998-02-10,22.161534246081203,22.54198976961908,22.0188634247545,22.209091186523438,530400,0.0,0.0
1998-02-11,22.018863677978516,22.209091441935133,21.876192855011052,22.018863677978516,347200,0.0,0.0
1998-02-12,22.11397755594932,22.779774729676827,22.066420614968784,22.73221778869629,382000,0.0,0.0
1998-02-13,22.827329635620117,23.017557382583615,22.779772698879242,22.827329635620117,634200,0.0,0.0
1998-02-17,23.302899300445123,23.398013175140818,23.017557676358038,23.35045623779297,591100,0.0,0.0
1998-02-18,23.302893208597368,23.77846245775242,23.160222433850855,23.730905532836914,792100,0.0,0.0
1998-02-19,23.730906636484207,23.730906636484207,23.3028942923392,23.58823585510254,457700,0.0,0.0
1998-02-20,24.444270260887002,25.11006750534696,24.349156368821294,25.01495361328125,2162900,0.0,0.0
1998-02-23,25.82341932712641,25.82341932712641,24.77716661037359,25.30029296875,1781500,0.0,0.0
1998-02-24,25.49051889956576,25.49051889956576,24.444266258165673,24.491823196411133,717800,0.0,0.0
1998-02-25,24.396707208033103,24.44426414216182,23.82602399848847,23.873580932617188,747000,0.0,0.0
1998-02-26,23.778474538423108,24.586942672729492,23.683360640269413,24.586942672729492,611900,0.0,0.0
1998-02-27,24.396714876422106,24.586942672729492,24.206487080114723,24.586942672729492,584400,0.0,0.0
1998-03-02,21.876197814941406,22.256653429114298,21.067729634824005,21.876197814941406,4707300,0.0,0.0
1998-03-03,21.685965733812345,21.73352267621106,21.210396309825235,21.54329490661621,1707000,0.0,0.0
1998-03-04,21.590855226388424,21.590855226388424,21.115285728009827,21.210399627685547,1184700,0.0,0.0
1998-03-05,20.829943585232886,20.972614431707083,20.54460189228449,20.877500534057617,2054700,0.0,0.0
1998-03-06,21.16283484564887,21.495733371310763,21.16283484564887,21.400619506835938,1458800,0.0,0.0
1998-03-09,21.40062074982718,21.40062074982718,21.067722204829867,21.1628360748291,753800,0.0,0.0
1998-03-10,21.25795149115924,21.495736183454085,21.067723737323362,21.448179244995117,710000,0.0,0.0
1998-03-11,21.448187974942222,21.97131451091642,21.353074059310547,21.923757553100586,1000100,0.0,0.0
1998-03-12,22.066423416137695,22.20909425719031,21.876195628067542,22.066423416137695,776700,0.0,0.0
1998-03-13,22.209092739888153,22.39932051496214,21.78108024597168,21.78108024597168,621900,0.0,0.0
1998-03-16,21.92374862958481,21.92374862958481,21.35306536807718,21.448179244995117,517700,0.0,0.0
1998-03-17,21.68596583681557,22.161535263061523,21.543295008941783,22.161535263061523,828100,0.0,0.0
1998-03-18,22.113983154296875,22.161540107316867,21.828641436176913,22.113983154296875,639200,0.0,0.0
1998-03-19,22.066424741583354,22.494437290450275,22.066424741583354,22.446880340576172,1087400,0.0,0.0
1998-03-20,22.541990024774144,22.970002493598972,22.399319201832537,22.73221778869629,1148300,0.0,0.0
1998-03-23,23.112680183266693,23.302908003705102,22.58955367706107,22.684667587280273,578200,0.0,0.0
1998-03-24,22.684659114923107,23.398013175140818,22.63710217757526,23.35045623779297,1005500,0.0,0.0
1998-03-25,23.255342975227848,23.39801379102679,22.73221665063172,22.874887466430664,1093700,0.0,0.0
1998-03-26,22.732215338704947,22.9700000179801,22.351759851864696,22.399316787719727,1331600,0.0,0.0
1998-03-27,22.637107107150378,22.637107107150378,22.2090945778135,22.494436264038086,1081000,0.0,0.0
1998-03-30,22.351765098242925,22.399322045260462,22.01886646912016,22.066423416137695,848400,0.0,0.0
1998-03-31,22.066423416137695,22.25665120420785,21.876195628067542,22.066423416137695,1007300,0.0,0.0
1998-04-01,22.16153450094598,22.16153450094598,21.876192855011052,22.018863677978516,494500,0.0,0.0
1998-04-02,21.876194267942193,22.06642204418517,21.68596649169922,21.68596649169922,548800,0.0,0.0
1998-04-03,21.733521650541196,21.923749411158624,21.400623069460696,21.590850830078125,889900,0.0,0.0
1998-04-06,21.590855829247598,21.685969731579085,20.829944610595703,20.829944610595703,777100,0.0,0.0
1998-04-07,21.257951207594438,21.257951207594438,20.449483264576305,20.925052642822266,774800,0.0,0.0
1998-04-08,20.782381829348477,21.162837331945244,20.4970402024009,20.925052642822266,902700,0.0,0.0
1998-04-09,20.782387659429958,20.92505851292719,20.734830708264216,20.829944610595703,440600,0.0,0.0
1998-04-13,20.925057928658386,21.257956577523405,20.734830129306946,21.210399627685547,464800,0.0,0.0
1998-04-14,21.210396309825235,21.590851849014925,21.210396309825235,21.54329490661621,604700,0.0,0.0
1998-04-15,21.68596274989426,22.399316787719727,21.638405814039228,22.399316787719727,693400,0.0,0.0
1998-04-16,22.304210662841797,22.874894091315362,22.209096758096205,22.304210662841797,717000,0.0,0.0
1998-04-17,22.16153450094598,22.256648382924286,21.876192855011052,22.018863677978516,382200,0.0,0.0
1998-04-20,21.923748908104837,22.06641972529424,21.923748908104837,21.97130584716797,243100,0.0,0.0
1998-04-21,21.87619350340719,22.16153515779946,21.4957379642175,21.54329490661621,872400,0.0,0.0
1998-04-22,21.44818013944769,22.304205067407906,21.257952377678752,22.209091186523438,632500,0.0,0.0
1998-04-23,21.495735896717417,21.543292834542015,20.829938767173072,20.925052642822266,720100,0.0,0.0
1998-04-24,20.829944610595703,21.115286317590165,20.63971680593273,20.829944610595703,388200,0.0,0.0
1998-04-27,20.63971562251866,20.687272570957646,20.16414613812883,20.354373931884766,471400,0.0,0.0
1998-04-28,20.497042991745637,20.734827713227606,20.069030493078095,20.259258270263672,440100,0.0,0.0
1998-04-29,20.639714446809066,20.734828338269015,20.259258880969266,20.49704360961914,343400,0.0,0.0
1998-04-30,20.687270098869956,21.210396469186207,20.59215621335791,20.734827041625977,615000,0.0,0.0
1998-05-01,20.883584005023362,21.169660498242862,20.692866342877032,20.788225173950195,463300,0.07,0.0
1998-05-04,20.978946685791016,21.074305534362793,20.50215244293213,20.597511291503906,606000,0.0,0.0
1998-05-05,20.35910943497059,20.5498270877572,20.073032955790676,20.502147674560547,544100,0.0,0.0
1998-05-06,20.502149128198074,20.7882256276613,20.26375204531205,20.645187377929688,326100,0.0,0.0
1998-05-07,20.597518665978335,20.597518665978335,19.882327045631865,19.977685928344727,586600,0.0,0.0
1998-05-08,19.97768304693444,20.502156826209568,19.882324177975327,20.073041915893555,542500,0.0,0.0
1998-05-11,20.073039652121185,20.216077939428462,18.73801563725327,18.881053924560547,2354800,0.0,0.0
1998-05-12,18.308895924052255,18.451934173458913,17.35530759467453,17.450666427612305,2733600,0.0,0.0
1998-05-13,15.829568862915037,16.21100425720215,15.066698074340819,15.734210014343262,8053700,0.0,0.0
1998-05-14,15.73421001434326,16.16332483291626,15.35277462005615,15.734210014343262,2638800,0.0,0.0
1998-05-15,15.734215503515198,16.449407117311345,15.734215503515198,16.4017276763916,1155700,0.0,0.0
1998-05-18,16.592434742041593,17.02154943364612,15.924922999545668,16.11564064025879,1061400,0.0,0.0
1998-05-19,16.163330538132612,16.401727743709788,16.06797165590174,16.211009979248047,822100,0.0,0.0
1998-05-20,16.49708562705949,16.592444503516482,16.16332955946002,16.306367874145508,620100,0.0,0.0
1998-05-21,16.211006634396192,16.449403790784373,16.115647771840923,16.258686065673828,440800,0.0,0.0
1998-05-22,16.115643489928473,16.306361164365494,15.924925815491449,16.02028465270996,582100,0.0,0.0
1998-05-26,16.02028181990223,16.25867887079363,15.97260240972395,16.11564064025879,384500,0.0,0.0
1998-05-27,16.02028317177764,16.02028317177764,15.591168443962165,15.781886100769043,452900,0.0,0.0
1998-05-28,15.82956317513289,16.306357246673038,15.82956317513289,15.924921989440918,490000,0.0,0.0
1998-05-29,16.11564540863037,16.306363105773926,15.686530590057371,15.734210014343262,352300,0.0,0.0
1998-06-01,15.63885265531994,15.63885265531994,14.971340651739212,15.019020080566406,620600,0.0,0.0
1998-06-02,15.162055431428502,15.305093690215564,14.54222297668457,14.54222297668457,648200,0.0,0.0
1998-06-03,14.637584206345792,14.875981343256962,14.35150764205239,14.685263633728027,667000,0.0,0.0
1998-06-04,14.494545924199091,15.114378480168131,14.494545924199091,14.685263633728027,614000,0.0,0.0
1998-06-05,14.63758614502455,14.732945012418845,14.113112374355918,14.494547843933105,565100,0.0,0.0
1998-06-08,14.542224407196043,14.589903831481932,14.208468437194824,14.303827285766602,424000,0.0,0.0
1998-06-09,14.113109588623047,14.63758325576782,14.113109588623047,14.303827285766602,732900,0.0,0.0
1998-06-10,14.017749779844937,14.065429200864818,13.779352674745533,13.922390937805176,880500,0.0,0.0
1998-06-11,14.065428250500945,14.065428250500945,13.92238999710602,14.017748832702637,541900,0.0,0.0
1998-06-12,14.017748832702637,14.065428250500945,13.779351743711096,14.017748832702637,636400,0.0,0.0
1998-06-15,13.922388495468512,13.922388495468512,13.588632606878514,13.683991432189941,646500,0.0,0.0
1998-06-16,13.82702512773199,14.208460303669424,13.731666333747631,14.160780906677246,537400,0.0,0.0
1998-06-17,14.160784098628191,15.352769292115413,14.160784098628191,15.114372253417969,1388100,0.0,0.0
1998-06-18,15.257415274455417,15.400453542653436,14.303826819801953,14.637582778930664,1367900,0.0,0.0
1998-06-19,14.589902396280257,14.780620074663005,14.494543557088884,14.54222297668457,748200,0.0,0.0
1998-06-22,14.399184299882052,15.162054991266531,14.399184299882052,14.97133731842041,631100,0.0,0.0
1998-06-23,15.019013926667986,15.829563884615148,15.019013926667986,15.162052154541016,697700,0.0,0.0
1998-06-24,15.352770657693185,15.400450069673598,14.78061771392822,14.780617713928223,320800,0.0,0.0
1998-06-25,14.542219263181043,14.875975115122904,14.542219263181043,14.828295707702637,328200,0.0,0.0
1998-06-26,14.828300469861357,14.875979892594032,14.54222393346532,14.637582778930664,655300,0.0,0.0
1998-06-29,14.685264078776042,15.114378938220796,14.685264078776042,15.019020080566406,415100,0.0,0.0
1998-06-30,15.066699509393601,15.16205836704799,14.87598179408482,15.019020080566406,399700,0.0,0.0
1998-07-01,15.019014773830289,15.066694185810704,14.732938301947808,14.780617713928223,308100,0.0,0.0
1998-07-02,14.828297125908636,14.875976537889049,14.63757947798698,14.780617713928223,250700,0.0,0.0
1998-07-06,14.589907136935633,14.828304312375757,14.589907136935633,14.732945442199707,245200,0.0,0.0
1998-07-07,14.73294022736276,15.066696154843472,14.68526080915123,14.97133731842041,310300,0.0,0.0
1998-07-08,14.732940655067319,14.828299494258694,14.494543557088884,14.54222297668457,353100,0.0,0.0
1998-07-09,14.589895479606858,14.589895479606858,14.113101509685066,14.160780906677246,305900,0.0,0.0
1998-07-10,14.113112960659196,14.160792396337099,13.82703634659178,13.970074653625488,265700,0.0,0.0
1998-07-13,13.827032557704992,13.922391402930543,13.49327659941556,13.588635444641113,548400,0.0,0.0
1998-07-14,13.588634033997852,13.731672286987303,13.540954616334702,13.731672286987305,366200,0.0,0.0
1998-07-15,13.731672325912788,14.256145921694179,13.68399290811448,14.017748832702637,804100,0.0,0.0
1998-07-16,14.351508076985677,15.305096653529576,14.208469790504092,15.019020080566406,666900,0.0,0.0
1998-07-17,15.209741912237027,15.781895213010834,15.019024145312425,15.638856887817383,847700,0.0,0.0
1998-07-20,15.686527169010722,15.924924238448575,15.305091857910156,15.305091857910156,417400,0.0,0.0
1998-07-21,15.352778098344032,15.352778098344032,14.637586572023658,14.732945442199707,466400,0.0,0.0
1998-07-22,14.780624446115995,14.875983313510291,14.256150675447362,14.494547843933105,324800,0.0,0.0
1998-07-23,9.965001629848107,10.39411653256884,9.535886727127375,9.726604461669922,8793000,0.0,0.0
1998-07-24,10.489471905852017,10.584830741359763,9.726601221790053,10.441792488098145,3272600,0.0,0.0
1998-07-27,10.53715042538113,10.823226907518174,10.108035702175565,10.72786808013916,1418600,0.0,0.0
1998-07-28,10.823226795640103,10.823226795640103,10.012676771297011,10.251073837280273,1205600,0.0,0.0
1998-07-29,10.15571940422058,10.298757705688477,9.345169029235839,9.535886764526367,1402800,0.0,0.0
1998-07-30,9.631243705749512,9.726602554321289,9.297487735748291,9.34516716003418,1209500,0.0,0.0
1998-07-31,9.392842670281729,9.392842670281729,9.15444564819336,9.15444564819336,1480400,0.0,0.0
1998-08-03,9.208160245479062,9.543874421095486,9.160201077533857,9.447956085205078,1423100,0.07,0.0
1998-08-04,9.447956244150797,9.495915412902832,9.112242062886557,9.208160400390625,1987500,0.0,0.0
1998-08-05,9.16020189160886,9.16020189160886,8.632650997327723,8.824487686157227,889500,0.0,0.0
1998-08-06,8.82448705037435,9.208160400390625,8.72856871287028,9.208160400390625,716100,0.0,0.0
1998-08-07,9.30408438837341,9.352043586251623,9.064288398982342,9.16020679473877,817400,0.0,0.0
1998-08-10,9.112247044278174,9.304083824157715,9.112247044278174,9.304083824157715,898600,0.0,0.0
1998-08-11,9.064288398982342,9.16020679473877,8.920410805347702,9.16020679473877,608100,0.0,0.0
1998-08-12,9.352037906646729,9.399997075398764,9.112242062886557,9.208160400390625,756000,0.0,0.0
1998-08-13,9.208165992616983,9.256125190495196,9.112247596860556,9.16020679473877,668900,0.0,0.0
1998-08-14,9.256119413424265,9.543874421095486,9.208160245479062,9.447956085205078,498100,0.0,0.0
1998-08-17,9.399996917259875,9.543874421095486,9.352037749314672,9.447956085205078,366000,0.0,0.0
1998-08-18,9.447956883177465,9.783671087148237,9.39999771118164,9.39999771118164,367600,0.0,0.0
1998-08-19,9.639798030853271,9.78367561340332,9.447961254119873,9.591838836669922,690500,0.0,0.0
1998-08-20,9.543875227169114,9.639793571160764,9.39999771118164,9.39999771118164,438200,0.0,0.0
1998-08-21,9.30408438837341,9.30408438837341,8.920410805347702,9.16020679473877,667200,0.0,0.0
1998-08-24,9.256121183696546,9.352039537931743,9.11224365234375,9.11224365234375,355700,0.0,0.0
1998-08-25,9.304083824157715,9.495920604037256,9.25612462918783,9.304083824157715,346300,0.0,0.0
1998-08-26,9.208165459454378,9.256124654555704,8.872451093745104,8.968369483947754,995300,0.0,0.0
1998-08-27,8.824485146787746,8.824485146787746,7.913261137065098,8.105097770690918,1324100,0.0,0.0
1998-08-28,8.057139846513858,8.105099012266916,7.481629857477152,7.625507354736328,787300,0.0,0.0
1998-08-31,7.817346802240685,7.91326516791235,7.577550888061523,7.577550888061523,770800,0.0,0.0
1998-09-01,7.625510070897356,7.769387619404853,7.2897957910465285,7.577550888061523,1468800,0.0,0.0
1998-09-02,7.673468589782715,8.009182840585709,7.577550232410431,7.673468589782715,452500,0.0,0.0
1998-09-03,7.673470490898182,7.673470490898182,7.193878585217046,7.337756156921387,1749400,0.0,0.0
1998-09-04,7.433671316543183,7.481630486327332,7.193875467622435,7.385712146759033,891900,0.0,0.0
1998-09-08,7.481629857477152,7.913262349254681,7.481629857477152,7.625507354736328,458900,0.0,0.0
1998-09-09,7.721425686242446,7.769384851995505,7.481629857477152,7.625507354736328,332700,0.0,0.0
1998-09-10,7.577550888061523,7.625510070897356,7.2897957910465285,7.577550888061523,278500,0.0,0.0
1998-09-11,7.529589023230211,7.673466520489387,7.481629857477152,7.625507354736328,305700,0.0,0.0
1998-09-14,7.7214284365690204,7.769387619404853,7.481632522389858,7.577550888061523,399500,0.0,0.0
1998-09-15,7.673465345032822,8.153056929097373,7.577547028219912,8.105097770690918,1550800,0.0,0.0
1998-09-16,8.201023603166853,8.488778817313058,8.05714599609375,8.392860412597656,445200,0.0,0.0
1998-09-17,8.24897513992485,8.440811771085892,7.769383562022242,8.344893455505371,339100,0.0,0.0
1998-09-18,8.63265323638916,8.77653079032898,8.201020574569704,8.63265323638916,536000,0.0,0.0
1998-09-21,8.248977504975615,8.392855019597283,8.153059161894504,8.201018333435059,605800,0.0,0.0
1998-09-22,8.296939341418714,8.296939341418714,7.865306658917162,7.9612250328063965,1017600,0.0,0.0
1998-09-23,8.05714081881339,8.248977504975615,7.8653041326511675,8.201018333435059,345200,0.0,0.0
1998-09-24,8.105104828989784,8.392860030019007,8.057145628818246,8.248982429504395,383100,0.0,0.0
1998-09-25,8.153064029161321,8.34490082984747,8.057145628818246,8.248982429504395,447600,0.0,0.0
1998-09-28,8.2969388961792,8.584694002405067,8.201020527437244,8.2969388961792,254400,0.0,0.0
1998-09-29,8.392861730912152,8.632657780366785,8.105106471566593,8.15306568145752,534300,0.0,0.0
1998-09-30,8.057138612284463,8.296934404316739,7.961220295471553,8.105097770690918,455200,0.0,0.0
1998-10-01,8.15306396019168,8.344900759255014,7.769390362065012,7.86530876159668,316800,0.0,0.0
1998-10-02,7.865304606301445,8.057141304016113,7.721427083015442,8.057141304016113,347300,0.0,0.0
1998-10-05,7.817346425704014,8.00918314780718,7.7214280646524305,7.769387245178223,489600,0.0,0.0
1998-10-06,7.769386274164373,8.009182146823767,7.769386274164373,7.91326379776001,352800,0.0,0.0
1998-10-07,7.817345448696252,8.105100495887525,7.7214270996324945,7.91326379776001,780500,0.0,0.0
1998-10-08,7.769383738499991,7.91326121513888,7.625506261861103,7.721424579620361,717100,0.0,0.0
1998-10-09,7.673465420740732,7.769383738499991,7.673465420740732,7.721424579620361,295300,0.0,0.0
1998-10-12,7.817347471972545,8.05714340669563,7.721429098083312,7.9612250328063965,299400,0.0,0.0
1998-10-13,7.865305606229805,7.865305606229805,7.625509703600848,7.769387245178223,394400,0.0,0.0
1998-10-14,7.721428681004998,7.865306234067202,7.673469496650929,7.817347049713135,242800,0.0,0.0
1998-10-15,7.673471962533346,7.865308761596679,7.625512762767512,7.86530876159668,346900,0.0,0.0
1998-10-16,7.7693907819475445,8.58469722202846,7.721431579589844,8.392860412597656,592400,0.0,0.0
1998-10-19,8.72856871287028,9.352037906646729,8.440813700358072,9.208160400390625,883600,0.0,0.0
1998-10-20,9.208165283203126,9.78367561340332,9.208165283203126,9.591838836669922,820200,0.0,0.0
1998-10-21,9.687752743156588,9.687752743156588,9.352038539185815,9.39999771118164,594700,0.0,0.0
1998-10-22,8.344900770560324,8.632655969545162,7.961227171913872,8.584696769714355,1128800,0.0,0.0
1998-10-23,8.2969355691563,8.440813064575195,8.105098908597773,8.440813064575195,442400,0.0,0.0
1998-10-26,8.392860030019007,8.392860030019007,8.153064029161321,8.248982429504395,336300,0.0,0.0
1998-10-27,8.201020524545681,8.201020524545681,7.577551127942793,7.817347049713135,460100,0.0,0.0
1998-10-28,7.817349572421453,8.584696769714355,7.769390372590646,8.584696769714355,993700,0.0,0.0
1998-10-29,8.2969388961792,8.440816449292134,8.153061343066266,8.2969388961792,436000,0.0,0.0
1998-10-30,8.392852613295632,8.440811771085892,8.24897513992485,8.344893455505371,314900,0.0,0.0
1998-11-02,8.205879384821111,8.495498657226562,8.205879384821111,8.495498657226562,284200,0.07,0.0
1998-11-03,8.157611229840448,8.350690785576315,8.157611229840448,8.205881118774414,298000,0.0,0.0
1998-11-04,8.254151007708382,8.495500452378216,8.012801563038545,8.205881118774414,492900,0.0,0.0
1998-11-05,8.20588178412859,8.350691462672035,8.061072105585144,8.302421569824219,314100,0.0,0.0
1998-11-06,8.39895889975808,8.833387808366256,8.350689021023838,8.495498657226562,804600,0.0,0.0
1998-11-09,8.495500849581314,8.495500849581314,8.302421284818102,8.398961067199707,366400,0.0,0.0
1998-11-10,8.447230958390511,8.543770740772116,8.205881502436496,8.398961067199707,342700,0.0,0.0
1998-11-11,8.447231248367665,8.929930176845817,7.867992534193882,8.302421569824219,937700,0.0,0.0
1998-11-12,8.302420790024225,8.785119673165168,8.302420790024225,8.736849784851074,773200,0.0,0.0
1998-11-13,8.929934809284825,9.460903906053112,8.543775466180616,8.978204727172852,1120400,0.0,0.0
1998-11-16,9.026469230651855,9.412628342123593,8.881659563849954,9.026469230651855,731100,0.0,0.0
1998-11-17,9.074738840577464,9.171278615477224,8.785119515878183,9.123008728027344,549800,0.0,0.0
1998-11-18,9.074740767478943,9.412630051374435,9.074740767478943,9.267820358276367,500700,0.0,0.0
1998-11-19,9.316088301464191,9.991866727477138,9.219548526319485,9.943596839904785,1266400,0.0,0.0
1998-11-20,9.991863274694088,10.04013314558633,9.557434436663911,9.605704307556152,653900,0.0,0.0
1998-11-23,9.653976914796186,9.653976914796186,8.929928646186472,9.31608772277832,568200,0.0,0.0
1998-11-24,9.219550460577011,9.36436015367508,9.123010665178299,9.267820358276367,537800,0.0,0.0
1998-11-25,9.50916880739933,10.233217193749532,9.267819345282595,10.088407516479492,820600,0.0,0.0
1998-11-27,10.088405880951075,10.088405880951075,9.895326342559667,9.991866111755371,269400,0.0,0.0
1998-11-30,10.08840824601837,10.715916892899896,10.08840824601837,10.474567413330078,1066700,0.0,0.0
1998-12-01,10.329758598254278,10.329758598254278,9.750519798352169,10.040139198303223,534800,0.0,0.0
1998-12-02,10.040138207412348,10.136677997868237,9.605709150360852,9.895328521728516,425900,0.0,0.0
1998-12-03,9.798789978027344,10.0884093862449,9.75052007665775,9.798789978027344,516700,0.0,0.0
1998-12-04,9.895325851440429,9.991865615844725,9.460896911621093,9.653976440429688,408200,0.0,0.0
1998-12-07,9.653975838109067,9.653975838109067,9.171277046203613,9.171277046203613,627700,0.0,0.0
1998-12-08,9.267820607060973,9.267820607060973,8.736851718114771,8.881661415100098,569700,0.0,0.0
1998-12-09,8.640312816074918,8.640312816074918,8.302423488071987,8.447233200073242,931300,0.0,0.0
1998-12-10,8.495499817251462,8.495499817251462,8.157610619974415,8.254150390625,440000,0.0,0.0
1998-12-11,8.157608633949643,8.302418254670641,8.109338760375977,8.109338760375977,382800,0.0,0.0
1998-12-14,8.157608633949643,8.302418254670641,8.109338760375977,8.109338760375977,475300,0.0,0.0
1998-12-15,8.157608633949643,8.205878507523309,7.964529139654976,8.109338760375977,386500,0.0,0.0
1998-12-16,8.157611611245693,8.543770740772116,8.012801937673284,8.398961067199707,813700,0.0,0.0
1998-12-17,8.302418612869532,8.447228239838187,8.10933911024466,8.157608985900879,473700,0.0,0.0
1998-12-18,8.06106534211532,8.205874899159308,7.723176375679349,7.771446228027344,1083000,0.0,0.0
1998-12-21,7.723183631896973,7.916263222694397,7.674913734197617,7.723183631896973,930500,0.0,0.0
1998-12-22,7.674913734197617,7.723183631896973,7.530104041099548,7.723183631896973,834800,0.0,0.0
1998-12-23,7.674913734197617,7.819723427295685,7.6266438364982605,7.723183631896973,828700,0.0,0.0
1998-12-24,7.723183631896973,7.819723427295685,7.674913734197617,7.723183631896973,306600,0.0,0.0
1998-12-28,7.6749065233313525,7.81971608037534,7.6749065233313525,7.771446228027344,1017300,0.0,0.0
1998-12-29,7.72317541650979,8.061064340982092,7.72317541650979,8.012794494628906,1207700,0.0,0.0
1998-12-30,7.867992303933308,7.964532086803655,7.578372955322266,7.578372955322266,1078300,0.0,0.0
1998-12-31,7.626644640434079,7.964533959946981,7.578374737646521,7.916264057159424,1226800,0.0,0.0
1999-01-04,8.061068676136157,8.061068676136157,7.72317956995081,7.819719314575195,682300,0.0,0.0
1999-01-05,7.867989186887388,7.964528931511773,7.771449442263003,7.819719314575195,327200,0.0,0.0
1999-01-06,7.964531674104578,8.350690785576315,7.77145211836871,8.205881118774414,1015600,0.0,0.0
1999-01-07,8.109334187335278,8.20587388004165,7.96452464827572,8.012794494628906,410500,0.0,0.0
1999-01-08,8.157608633949643,8.254148381096975,8.061068886802309,8.109338760375977,505600,0.0,0.0
1999-01-11,8.157610207974553,8.205880090861978,8.061070442199707,8.061070442199707,461600,0.0,0.0
1999-01-12,8.012800559312284,8.10934032508713,7.916260793537437,8.061070442199707,422300,0.0,0.0
1999-01-13,7.867989186887388,7.9162590591995805,7.771449442263003,7.819719314575195,314400,0.0,0.0
1999-01-14,7.819723427295685,7.867993324995041,7.723183631896973,7.723183631896973,297100,0.0,0.0
1999-01-15,7.819723427295685,7.916263222694397,7.723183631896973,7.723183631896973,490400,0.0,0.0
1999-01-19,7.867988109588624,7.916257975291622,7.771448378182629,7.867988109588623,641300,0.0,0.0
1999-01-20,7.867989186887388,7.964528931511773,7.819719314575195,7.819719314575195,606100,0.0,0.0
1999-01-21,7.867989731963569,8.447228239838187,7.819719856307351,8.157608985900879,631500,0.0,0.0
1999-01-22,7.964532712610757,9.895328521728516,7.964532712610757,9.895328521728516,2433500,0.0,0.0
1999-01-25,9.750515596490159,9.847055354871248,9.171277046203613,9.171277046203613,1227300,0.0,0.0
1999-01-26,9.460895599202907,9.557435350215181,9.074736595153809,9.074736595153809,542500,0.0,0.0
1999-01-27,9.02647074593438,9.02647074593438,8.543771775563558,8.688581466674805,559700,0.0,0.0
1999-01-28,8.447231248367665,8.447231248367665,7.8197226413460665,8.302421569824219,1907500,0.0,0.0
1999-01-29,8.157611975509129,8.785120589009832,8.109342082162922,8.592041015625,985300,0.0,0.0
1999-02-01,8.592040287965984,8.688580066482457,8.30242095241657,8.350690841674805,613800,0.0,0.0
1999-02-02,8.398960730933041,8.447230620191277,8.205881173900098,8.350690841674805,386600,0.0,0.0
1999-02-03,8.398960674510283,8.44723056344425,8.061071451972513,8.205881118774414,332200,0.0,0.0
1999-02-04,8.254151007708382,8.30242089664235,8.10934134090648,8.205881118774414,260500,0.0,0.0
1999-02-05,8.205881118774414,8.254151007708382,7.964531674104578,8.205881118774414,223500,0.0,0.0
1999-02-08,8.260300636291504,8.406070647520178,8.260300636291504,8.260300636291504,326900,0.07,0.0
1999-02-09,8.16311700660062,8.16311700660062,8.017347060054181,8.065937042236328,349400,0.0,0.0
1999-02-10,8.017354011535645,8.163124084472656,7.92017396291097,8.017354011535645,322100,0.0,0.0
1999-02-11,8.017347060054181,8.065937042236328,7.968757077872035,8.065937042236328,201000,0.0,0.0
1999-02-12,8.163119836287065,8.697609825567765,7.920169841159473,8.551839828491211,828600,0.0,0.0
1999-02-16,8.649022064208985,8.649022064208985,8.06594192504883,8.503252029418945,724000,0.0,0.0
1999-02-17,8.406068417063931,8.406068417063931,8.114528471963448,8.30888843536377,434400,0.0,0.0
1999-02-18,8.406068417063931,8.406068417063931,8.163118462813529,8.30888843536377,272500,0.0,0.0
1999-02-19,8.260296970964914,8.357476935329208,8.065937042236328,8.065937042236328,319900,0.0,0.0
1999-02-22,8.211711329975348,8.697611408672113,8.211711329975348,8.45466136932373,629800,0.0,0.0
1999-02-23,8.503246046806293,9.037735798319831,8.308886137165008,8.891965866088867,776800,0.0,0.0
1999-02-24,8.989153817898965,9.086333859173548,8.357483549614173,8.406073570251465,608200,0.0,0.0
1999-02-25,8.211711959838867,8.551842041015625,8.211711959838867,8.503252029418945,261500,0.0,0.0
1999-02-26,8.74620141654179,8.74620141654179,8.45466136932373,8.45466136932373,390200,0.0,0.0
1999-03-01,8.406072006225585,8.503252029418945,8.260301971435547,8.503252029418945,406600,0.0,0.0
1999-03-02,8.454663590888757,8.503253611526048,8.357483549614173,8.406073570251465,257300,0.0,0.0
1999-03-03,8.406072006225585,8.794792098999023,8.260301971435547,8.503252029418945,829000,0.0,0.0
1999-03-04,8.503253611526048,8.503253611526048,8.211713487702298,8.406073570251465,381800,0.0,0.0
1999-03-05,8.503248398764093,8.551838389614172,8.26029844451369,8.30888843536377,270000,0.0,0.0
1999-03-08,8.26030350833959,8.55184363216334,8.26030350833959,8.406073570251465,357700,0.0,0.0
1999-03-09,8.454661979231725,8.50325199060662,8.308891945107039,8.357481956481934,289300,0.0,0.0
1999-03-10,8.35747842621385,8.406068417063931,8.163118462813529,8.30888843536377,372100,0.0,0.0
1999-03-11,8.260301933732144,8.406071967856828,8.21171192235725,8.357481956481934,402500,0.0,0.0
1999-03-12,8.357484181722006,8.406074206034342,7.968763987223307,8.017354011535645,683600,0.0,0.0
1999-03-15,7.968758125982341,8.357478034566846,7.968758125982341,8.211708068847656,501000,0.0,0.0
1999-03-16,8.163120628805721,8.357480643777286,8.065940621319939,8.260300636291504,444500,0.0,0.0
1999-03-17,8.308888045993783,8.308888045993783,8.065938103128468,8.211708068847656,264300,0.0,0.0
1999-03-18,8.114530563354492,8.260300573474634,8.065940559981112,8.114530563354492,302000,0.0,0.0
1999-03-19,8.065937042236328,8.211706988782767,8.017347060054181,8.065937042236328,335300,0.0,0.0
1999-03-22,8.017354011535645,8.114534060160318,7.968763987223307,8.017354011535645,362800,0.0,0.0
1999-03-23,8.017349154860886,8.06593914973883,7.8229891753491065,7.871579170227051,491800,0.0,0.0
1999-03-24,7.8229898324042,7.920169830322266,7.774399833445169,7.920169830322266,1280600,0.0,0.0
1999-03-25,7.871580546487592,8.163120566727873,7.774400539740832,8.114530563354492,1265100,0.0,0.0
1999-03-26,8.065941232442857,8.163121247291565,7.7744011878967285,7.7744011878967285,408900,0.0,0.0
1999-03-29,7.822985649108887,8.114525486963876,7.822985649108887,7.822985649108887,358600,0.0,0.0
1999-03-30,7.8229891753491065,7.920169165104996,7.774399180471161,7.871579170227051,412400,0.0,0.0
1999-03-31,7.920169830322266,7.968759829281297,7.725809834486136,7.920169830322266,401000,0.0,0.0
1999-04-01,8.649019974928637,9.52363997239333,8.357479975773739,9.47504997253418,2769200,0.0,0.0
1999-04-05,9.523643567011908,10.349673876395594,9.037743385021503,10.10672378540039,2118800,0.0,0.0
1999-04-06,10.203898615307278,10.884158522994431,10.155308621901053,10.495438575744629,1942600,0.0,0.0
1999-04-07,10.446849892779095,10.641209890784287,9.815179899262219,9.960949897766113,956800,0.0,0.0
1999-04-08,10.009536781502728,10.058126765878955,9.620816906492914,9.66940689086914,629600,0.0,0.0
1999-04-09,9.620823567456538,9.96095369357874,9.329283459351794,9.815183639526367,802700,0.0,0.0
1999-04-12,9.766592108685037,10.1553121926128,9.669412087703098,10.05813217163086,777200,0.0,0.0
1999-04-13,10.10672378540039,10.155313803599432,9.81518367620615,10.10672378540039,524100,0.0,0.0
1999-04-14,10.106724405523591,10.203904447884396,9.81518427844118,9.863774299621582,340500,0.0,0.0
1999-04-15,9.815182119176008,10.1553121926128,9.766592108685037,10.05813217163086,525900,0.0,0.0
1999-04-16,10.106719073127298,10.981338992917161,10.106719073127298,10.738389015197754,1329100,0.0,0.0
1999-04-19,11.078523584314295,11.224293631476325,10.495443395666175,10.786983489990234,1395800,0.0,0.0
1999-04-20,10.738391164261076,10.786981169529225,9.718001053629932,10.544031143188477,369600,0.0,0.0
1999-04-21,10.59262466430664,10.689804707098444,10.544034642910738,10.59262466430664,354400,0.0,0.0
1999-04-22,10.786983489990234,10.835573505710911,10.641213442828205,10.786983489990234,427400,0.0,0.0
1999-04-23,10.884163521431589,10.932753537152266,10.738393474269559,10.786983489990234,360000,0.0,0.0
1999-04-26,11.02993263244629,11.07852264404297,10.83557258605957,10.93275260925293,450300,0.0,0.0
1999-04-27,10.981341121507727,11.224291146319844,10.835571106620456,11.175701141357422,532600,0.0,0.0
1999-04-28,11.17570222671062,11.710192333205475,11.078522207347918,11.613012313842773,1094400,0.0,0.0
1999-04-29,12.827761047363282,12.827761047363282,11.855960968017579,12.147500991821289,2872500,0.0,0.0
1999-04-30,12.341856794238586,12.390446781617477,11.467237021418528,11.710186958312988,1647600,0.0,0.0
1999-05-03,11.710190543349908,12.098910561386418,11.710190543349908,11.904550552368164,1017700,0.0,0.0
1999-05-04,11.904546907828557,12.001726882586341,11.613006983555204,11.710186958312988,804600,0.0,0.0
1999-05-05,11.758780888148717,11.758780888148717,10.98134082942814,11.22429084777832,1232100,0.0,0.0
1999-05-06,11.467243257632925,11.90455338186469,11.272883202418807,11.758783340454102,507600,0.0,0.0
1999-05-07,11.758779679575275,12.147499668982721,11.56441968487155,12.05031967163086,664100,0.0,0.0
1999-05-10,12.0503225744483,12.19609260559082,11.855962532924941,12.19609260559082,326800,0.0,0.0
1999-05-11,11.904551762800951,12.779171892312858,11.904551762800951,12.633401870727539,990100,0.0,0.0
1999-05-12,12.633399380982377,12.82775937145903,12.293269397648237,12.730579376220703,521100,0.0,0.0
1999-05-13,12.779171050939345,13.265071090899017,12.779171050939345,12.924941062927246,1474500,0.0,0.0
1999-05-14,13.077184218768926,13.418752463289009,12.589229583740234,12.589229583740234,574600,0.07,0.0
1999-05-17,12.589225716478243,12.589225716478243,12.150066679856907,12.394043922424316,549400,0.0,0.0
1999-05-18,12.345248473910834,12.49163481945128,12.296453025397353,12.394043922424316,211400,0.0,0.0
1999-05-19,12.19886212837039,12.49163481945128,12.19886212837039,12.394043922424316,290400,0.0,0.0
1999-05-20,12.394048457089148,12.491639389822133,12.345252990722656,12.345252990722656,127400,0.0,0.0
1999-05-21,12.442838922142982,12.63802070915699,12.345248028635979,12.491634368896484,223800,0.0,0.0
1999-05-24,12.491636062680985,12.881999689639766,12.491636062680985,12.638022422790527,550000,0.0,0.0
1999-05-25,12.491641612535112,13.077187313122696,12.491641612535112,13.02839183807373,592700,0.0,0.0
1999-05-26,13.077179593278428,13.077179593278428,12.589225130842665,12.833202362060547,666600,0.0,0.0
1999-05-27,12.88200401450103,13.077185893508622,12.491640256485848,12.93079948425293,374600,0.0,0.0
1999-05-28,12.784408320869066,12.979590127294546,12.686817417656323,12.735612869262695,196200,0.0,0.0
1999-06-01,12.686820969437107,12.979593761039503,12.638025504170042,12.882002830505371,302500,0.0,0.0
1999-06-02,12.881998513491098,13.028384860235315,12.540430371087925,12.784407615661621,308500,0.0,0.0
1999-06-03,12.833206901254579,12.833206901254579,12.540434120237364,12.589229583740234,300800,0.0,0.0
1999-06-04,12.442838922142982,12.63802070915699,12.39404347538948,12.491634368896484,295400,0.0,0.0
1999-06-07,12.34525035095215,12.49163671875,12.101273071289063,12.198863983154297,419300,0.0,0.0
1999-06-08,12.05247663482418,12.247658442675583,11.466931211269968,12.003681182861328,549200,0.0,0.0
1999-06-09,12.101272300437644,12.101272300437644,11.759704130667227,11.857295036315918,251600,0.0,0.0
1999-06-10,11.75970601836009,11.808501479017186,11.51572871507461,11.662115097045898,361600,0.0,0.0
1999-06-11,11.564523696899414,11.906091907356359,11.515728238262708,11.564523696899414,234200,0.0,0.0
1999-06-14,11.662114385763804,11.906091674168906,11.613318928082784,11.710909843444824,384700,0.0,0.0
1999-06-15,11.857294747809403,11.954885651083554,11.564522037986949,11.613317489624023,362700,0.0,0.0
1999-06-16,11.61331816906581,11.662113623557683,11.369340896606445,11.369340896606445,417100,0.0,0.0
1999-06-17,11.46693515777588,11.515730626532372,11.369344220262894,11.466935157775879,148600,0.0,0.0
1999-06-18,11.174158591728705,11.271749496459961,11.027772234631824,11.271749496459961,445500,0.0,0.0
1999-06-21,11.125363023313758,11.125363023313758,10.34463579360753,10.686203956604004,885800,0.0,0.0
1999-06-22,10.637411795722114,10.97898006439209,10.58861632876926,10.97898006439209,577600,0.0,0.0
1999-06-23,10.881389617919922,11.076571494474539,10.832594148781268,10.881389617919922,254300,0.0,0.0
1999-06-24,10.881385764030561,10.97897666774384,10.637408504747365,10.686203956604004,322300,0.0,0.0
1999-06-25,10.783796049930432,10.930182421648945,10.53981876373291,10.53981876373291,390600,0.0,0.0
1999-06-28,10.63741358271185,10.832595483312067,10.100663356061252,10.344640731811523,761600,0.0,0.0
1999-06-29,10.39343242560114,11.174159743956157,10.198250596012388,10.930182456970215,646800,0.0,0.0
1999-06-30,10.930183867104033,11.515729431413178,10.832592939719175,11.41813850402832,870000,0.0,0.0
1999-07-01,11.174161185566176,11.515729431413178,11.174161185566176,11.41813850402832,464500,0.0,0.0
1999-07-02,11.466932001367079,11.466932001367079,10.978977448117417,11.027772903442383,474000,0.0,0.0
1999-07-06,11.027775262964182,11.515729920617465,10.930184331433527,11.320548057556152,427600,0.0,0.0
1999-07-07,11.222954750061033,11.418136571801226,11.125363839190939,11.222954750061035,267700,0.0,0.0
1999-07-08,11.125366465250652,11.174161932203505,10.930184597439236,10.97898006439209,464900,0.0,0.0
1999-07-09,11.027771498027601,11.174157845346551,10.978976048921284,11.125362396240234,156300,0.0,0.0
1999-07-12,10.978977448117417,11.125363814092315,10.93018199279245,11.027772903442383,225100,0.0,0.0
1999-07-13,10.930185816309473,10.930185816309473,10.783799399126758,10.832594871520996,281600,0.0,0.0
1999-07-14,10.930186840372349,11.027777794304244,10.63741397857666,10.63741397857666,417300,0.0,0.0
1999-07-15,10.637412332934003,10.881389680019645,10.149457638762717,10.491025924682617,591700,0.0,0.0
1999-07-16,10.491027157261687,10.539822632411742,10.149458831211307,10.344640731811523,456400,0.0,0.0
1999-07-19,10.247049781511416,10.491027157261687,10.247049781511416,10.344640731811523,333600,0.0,0.0
1999-07-20,10.344637398407839,10.63741015496655,10.344637398407839,10.442228317260742,268900,0.0,0.0
1999-07-21,10.393432857834291,10.588614695540098,10.393432857834291,10.442228317260742,223700,0.0,0.0
1999-07-22,10.442228317260742,10.539819236113647,10.295841938981386,10.442228317260742,581800,0.0,0.0
1999-07-23,10.39343091419765,10.539817265101842,10.198249112992059,10.247044563293457,333600,0.0,0.0
1999-07-26,10.295843903381044,10.295843903381044,9.612707341071403,9.856684684753418,416300,0.0,0.0
1999-07-27,9.75909773352111,10.100666154194348,9.75909773352111,9.905484199523926,402300,0.0,0.0
1999-07-28,10.003068002217123,10.344636177902586,9.954272548547772,10.198249816894531,619200,0.0,0.0
1999-07-29,9.661502656482515,9.661502656482515,9.124752508900153,9.222343444824219,1485500,0.0,0.0
1999-07-30,9.271135020900418,9.271135020900418,8.83197599359461,9.0271577835083,617400,0.0,0.0
1999-08-02,8.92956923348563,8.92956923348563,8.441614630562919,8.539205551147461,815800,0.0,0.0
1999-08-03,8.588001011439733,8.612398741585867,8.344023709978377,8.539205551147461,593300,0.0,0.0
1999-08-04,8.53920578956604,8.636796712875366,8.344023942947388,8.39281940460205,449000,0.0,0.0
1999-08-05,8.39281915904519,8.441614619272197,7.953660017002128,8.148841857910156,414300,0.0,0.0
1999-08-06,8.051248518235843,8.148839409365975,7.856066735975581,7.953657627105713,659400,0.0,0.0
1999-08-09,8.05125018954277,8.10004564523697,7.758477455377578,7.807272911071777,546200,0.0,0.0
1999-08-10,7.807273096686242,7.807273096686242,7.2705230712890625,7.2705230712890625,920700,0.0,0.0
1999-08-11,7.563297624532886,8.636797932531103,7.514502155987513,8.44161605834961,1627200,0.0,0.0
1999-08-12,8.246433019638062,8.441614866256714,8.148842096328735,8.39281940460205,348300,0.0,0.0
1999-08-13,8.490411526894983,8.539206995440356,8.295229652713488,8.44161605834961,298300,0.0,0.0
1999-08-16,8.441614866256714,8.53920578956604,8.295228481292725,8.39281940460205,205800,0.0,0.0
1999-08-17,8.295226802487345,8.392817706046019,8.100044995369997,8.246431350708008,512600,0.0,0.0
1999-08-18,8.246432545605828,8.588000757554,8.051250710206874,8.295228004455566,390400,0.0,0.0
1999-08-19,8.197636386804414,8.441613660221211,8.100045477437694,8.344022750854492,293600,0.0,0.0
1999-08-20,8.246432545605828,8.344023463305305,8.19763708675609,8.295228004455566,209100,0.0,0.0
1999-08-23,8.392820589804236,8.636797932531103,8.344025121258863,8.44161605834961,238600,0.0,0.0
1999-08-24,8.39281893324578,8.490409851074219,8.246432556503121,8.490409851074219,269000,0.0,0.0
1999-08-25,8.392818922155044,8.441614381004783,8.19763708675609,8.295228004455566,228800,0.0,0.0
1999-08-26,8.392821357363745,8.392821357363745,8.148843992324101,8.197639465332031,239800,0.0,0.0
1999-08-27,8.25265144440065,8.301774369664939,8.105282668607781,8.15440559387207,341100,0.07,0.0
1999-08-30,8.105280325279473,8.154403236341773,7.908788681030273,7.908788681030273,343400,0.0,0.0
1999-08-31,7.908794060349464,7.908794060349464,7.614056393504143,7.859671115875244,464900,0.0,0.0
1999-09-01,7.95791618122774,8.400022635740394,7.810547363056856,8.350899696350098,391000,0.0,0.0
1999-09-02,8.15440559387207,8.25265144440065,7.9087909675506225,8.15440559387207,328800,0.0,0.0
1999-09-03,8.252654206966925,8.350900090383199,8.05616244013438,8.203531265258789,334300,0.0,0.0
1999-09-07,8.203530826451587,8.252653765532136,7.908793191968297,8.007039070129395,292700,0.0,0.0
1999-09-08,7.957917004823685,8.105285838246346,7.810548171401024,7.859671115875244,509700,0.0,0.0
1999-09-09,7.957916736602784,8.105285565058391,7.8596708509657125,7.957916736602783,361100,0.0,0.0
1999-09-10,7.9579161310488455,8.056162009209942,7.908793191968297,8.007039070129395,280700,0.0,0.0
1999-09-13,7.957913892814912,8.203528519136361,7.9087909675506225,8.15440559387207,537300,0.0,0.0
1999-09-14,8.350900031708099,8.989498269426953,8.105285324893154,8.940375328063965,1426800,0.0,0.0
1999-09-15,9.235112576871304,9.333358455348659,9.038620819916595,9.087743759155273,854000,0.0,0.0
1999-09-16,9.185995426923869,9.284241367318778,8.743888695146785,8.793011665344238,424100,0.0,0.0
1999-09-17,8.8421310549197,9.087745806445247,8.79300810461459,9.038622856140137,305900,0.0,0.0
1999-09-20,9.235115931584286,9.628099588247446,9.18599297450139,9.57897663116455,641600,0.0,0.0
1999-09-21,9.57897723033166,9.628100190487206,9.382485389709473,9.382485389709473,400500,0.0,0.0
1999-09-22,9.43159983265939,9.9228289906104,9.43159983265939,9.775460243225098,1121600,0.0,0.0
1999-09-23,9.824589849675744,10.31581934215953,9.775466900427364,10.119327545166016,1051200,0.0,0.0
1999-09-24,10.021074822200601,10.070197737995702,9.775460243225098,9.775460243225098,439900,0.0,0.0
1999-09-27,9.824594958075162,10.119332806817416,9.824594958075162,9.971963882446289,722800,0.0,0.0
1999-09-28,9.873712267194476,9.97195816040039,9.628097534179688,9.628097534179688,615900,0.0,0.0
1999-09-29,9.677222844850215,9.775468762056816,9.431608051833711,9.480731010437012,531800,0.0,0.0
1999-09-30,9.48073071699876,9.57897663116455,9.48073071699876,9.57897663116455,227000,0.0,0.0
1999-10-01,9.578976109623909,9.578976109623909,9.33336133758227,9.431607246398926,259100,0.0,0.0
1999-10-04,9.480729524712814,9.480729524712814,9.33336067199707,9.33336067199707,240200,0.0,0.0
1999-10-05,9.431606573807567,9.431606573807567,9.33336067199707,9.33336067199707,206100,0.0,0.0
1999-10-06,9.382483622902319,9.431606573807567,9.284237721091824,9.33336067199707,210100,0.0,0.0
1999-10-07,9.431605747767858,10.021081107003349,9.3824828011649,9.628097534179688,442600,0.0,0.0
1999-10-08,10.021086857236664,10.070209832027041,9.873717932865537,9.971963882446289,348500,0.0,0.0
1999-10-11,9.971958292728406,10.364941870766964,9.922835345473587,10.266695976257324,531300,0.0,0.0
1999-10-12,10.21757469925226,10.21757469925226,9.922836967543061,10.021082878112793,261900,0.0,0.0
1999-10-13,9.971955451768698,9.971955451768698,9.431603185909312,9.5298490524292,292500,0.0,0.0
1999-10-14,9.529850187301637,9.82458782196045,9.431604309082031,9.82458782196045,319300,0.0,0.0
1999-10-15,9.628094918949088,9.677217852209033,9.431603185909312,9.5298490524292,170800,0.0,0.0
1999-10-18,9.480731310020566,9.529854270176113,9.333362429553924,9.382485389709473,336300,0.0,0.0
1999-10-19,9.480730200807253,9.480730200807253,9.185992474357286,9.431607246398926,218400,0.0,0.0
1999-10-20,9.382482105397923,9.431605048358122,8.891252675795938,9.185990333557129,437500,0.0,0.0
1999-10-21,9.18599325881721,9.628099886246915,9.038624383007308,9.480731010437012,325600,0.0,0.0
1999-10-22,10.02107925415039,10.512308629353841,9.971956316630045,10.315816879272461,1024200,0.0,0.0
1999-10-25,10.168450355529785,10.266696252684662,10.070204458374908,10.168450355529785,313200,0.0,0.0
1999-10-26,10.168450081747686,10.364941870766964,10.119327134492865,10.266695976257324,419100,0.0,0.0
1999-10-27,10.070202191670734,10.41406275431315,10.070202191670734,10.315816879272461,239300,0.0,0.0
1999-10-28,10.51230881832264,10.856169387146279,10.463185879919264,10.610554695129395,779800,0.0,0.0
1999-10-29,10.757928497846736,10.80705145902412,10.315821847250296,10.561436653137207,590000,0.0,0.0
1999-11-01,10.512311402090353,10.659680253521525,10.36494255065918,10.36494255065918,232300,0.0,0.0
1999-11-02,10.414069817616388,10.512315759292015,10.168454963427322,10.217577934265137,250200,0.0,0.0
1999-11-03,10.217577934265137,10.414069817616388,10.11933199258951,10.217577934265137,274900,0.0,0.0
1999-11-04,10.217574497438827,10.414066314697266,10.168451543124217,10.414066314697266,291100,0.0,0.0
1999-11-05,10.364939816792806,10.512308629353841,10.21757100423177,10.315816879272461,203400,0.0,0.0
1999-11-08,10.217573584579839,10.217573584579839,9.971958834950517,10.070204734802246,177000,0.0,0.0
1999-11-09,10.021083170824712,10.217574997703627,9.922837257385254,9.922837257385254,257800,0.0,0.0
1999-11-10,9.873708281718509,10.75792096366345,9.873708281718509,10.463183403015137,568600,0.0,0.0
1999-11-11,10.51230881832264,10.807046448742902,10.51230881832264,10.610554695129395,449800,0.0,0.0
1999-11-12,10.610553137317503,10.90529072446521,10.414061412552362,10.856167793273926,431200,0.0,0.0
1999-11-15,11.003541802300347,11.298279529147678,10.856172938876682,11.052664756774902,605400,0.0,0.0
1999-11-16,11.052664756774902,11.150910665724012,11.003541802300347,11.052664756774902,416200,0.0,0.0
1999-11-17,10.954414872818342,11.05266074611716,10.708800189571294,10.757923126220703,475400,0.0,0.0
1999-11-18,10.757926376411199,10.954418182373047,10.610557521939812,10.954418182373047,320300,0.0,0.0
1999-11-19,10.954419282105592,11.052665194949588,10.7579274564176,10.905296325683594,331800,0.0,0.0
1999-11-22,10.954416143042701,11.150907912424634,10.90529320069722,11.003539085388184,276000,0.0,0.0
1999-11-23,11.200030588470728,11.593014117890755,11.003538823760715,11.101784706115723,827100,0.0,0.0
1999-11-24,11.200031956539878,11.789507322673556,11.15090900936207,11.642138481140137,801800,0.0,0.0
1999-11-26,11.69126156629142,11.69126156629142,11.445646827503785,11.593015670776367,152600,0.0,0.0
1999-11-29,11.593015947912495,11.642138896844326,11.396524152185163,11.494770050048828,610500,0.0,0.0
1999-11-30,11.451332223261888,11.550050604496903,11.303254651409363,11.500691413879395,197800,0.07,0.0
1999-12-01,11.451337924673537,11.944930076599121,11.35261949428842,11.944930076599121,798100,0.0,0.0
1999-12-02,11.747488772282834,12.142362344460409,11.50069278967185,12.043643951416016,585100,0.0,0.0
1999-12-03,12.586594250737404,12.833390216438138,12.093002319335938,12.093002319335938,1119400,0.0,0.0
1999-12-06,12.04364164043759,12.339796762743433,11.895564079284668,11.895564079284668,500400,0.0,0.0
1999-12-07,11.895568141531436,12.043645753251745,11.401976102463742,11.59941291809082,604800,0.0,0.0
1999-12-08,11.500691413879395,11.796846557584445,11.451332223261888,11.500691413879395,265400,0.0,0.0
1999-12-09,11.599410103078473,11.69812848693446,10.809663032230578,11.25389575958252,463800,0.0,0.0
1999-12-10,11.451332223261888,11.500691413879395,11.253895460791854,11.500691413879395,328600,0.0,0.0
1999-12-13,11.500692180011063,11.99428411906733,11.500692180011063,11.796847343444824,795400,0.0,0.0
1999-12-14,11.747487295977018,12.635952721723179,11.747487295977018,12.191720008850098,661500,0.0,0.0
1999-12-15,12.537236488226688,13.030828475952148,12.339799693136504,13.030828475952148,1230000,0.0,0.0
1999-12-16,12.73466942065569,12.981465339660645,12.24107758264578,12.981465339660645,477900,0.0,0.0
1999-12-17,12.981468864109205,13.17890565291695,12.438517694887906,12.487876892089844,532500,0.0,0.0
1999-12-20,12.537231728434563,12.981464348733425,12.537231728434563,12.635950088500977,625500,0.0,0.0
1999-12-21,12.932113247417778,13.37634614522984,12.833394825681765,13.178909301757812,632200,0.0,0.0
1999-12-22,12.68531335047049,13.228264505548994,12.339798979056898,12.734672546386719,677100,0.0,0.0
1999-12-23,12.833389381864176,13.228262901306152,12.685311812073436,13.228262901306152,405200,0.0,0.0
1999-12-27,13.376342948940065,14.363526930411656,13.326983749866486,14.215449333190918,1563500,0.0,0.0
1999-12-28,14.21544858242603,14.264807778892788,13.820575010691973,13.919293403625488,788200,0.0,0.0
1999-12-29,13.869936593144917,13.919295798102729,13.573781363398052,13.721858978271484,355500,0.0,0.0
1999-12-30,13.72185555047412,14.116729091494957,13.72185555047412,13.869933128356934,317200,0.0,0.0
1999-12-31,13.771216877778933,13.968653678894043,13.672498477221378,13.968653678894043,198800,0.0,0.0
2000-01-03,13.771216877778933,13.968653678894043,13.277624874991158,13.968653678894043,470700,0.0,0.0
2000-01-04,13.771213990538866,13.820573180469113,13.228262901306152,13.228262901306152,564300,0.0,0.0
2000-01-05,13.326982300857017,13.376341494563896,12.734671976374482,12.882749557495117,301300,0.0,0.0
2000-01-06,12.882750879634509,13.178906072269786,12.784032482089417,13.030828475952148,376000,0.0,0.0
2000-01-07,12.882750879634509,13.12954687349724,12.833391680861963,13.030828475952148,347400,0.0,0.0
2000-01-10,13.129550090889806,13.37634614522984,13.0801908800218,13.178909301757812,257800,0.0,0.0
2000-01-11,12.981464694528018,13.524415689356188,12.932105513180003,13.425697326660156,406800,0.0,0.0
2000-01-12,13.129542891063618,13.17890207486461,12.73466942065569,12.981465339660645,338800,0.0,0.0
2000-01-13,12.784031742302947,12.981468525967857,12.734672546386719,12.734672546386719,262700,0.0,0.0
2000-01-14,12.73466942065569,13.17890207486461,12.487873501650736,12.981465339660645,399700,0.0,0.0
2000-01-18,13.030825440312777,14.018009185791017,13.030825440312777,14.018009185791016,695600,0.0,0.0
2000-01-19,13.771218183229296,13.919295798102729,13.376344543566807,13.721858978271484,743600,0.0,0.0
2000-01-20,13.771213990538866,13.820573180469113,13.228262901306152,13.228262901306152,822600,0.0,0.0
2000-01-21,13.27761978261611,13.672493233400234,13.228260601268095,13.425697326660156,299600,0.0,0.0
2000-01-24,13.425702317316729,13.672498315796815,13.129547119140623,13.129547119140625,373000,0.0,0.0
2000-01-25,13.080187674724694,13.326983668587424,13.030828475952148,13.030828475952148,233200,0.0,0.0
2000-01-26,13.08018874772739,13.623139978765133,13.030829544905778,13.475062370300293,627000,0.0,0.0
2000-01-27,11.056458473205566,11.303254421268191,10.859021714755468,11.056458473205566,3325600,0.0,0.0
2000-01-28,10.957741030095296,10.957741030095296,10.266712316485682,10.316071510314941,816400,0.0,0.0
2000-01-31,10.4147921964234,10.4147921964234,10.0692777633667,10.0692777633667,708100,0.0,0.0
2000-02-01,10.118634734997908,10.464149091802716,10.06927554116865,10.316071510314941,709600,0.0,0.0
2000-02-02,10.51350516755117,11.204533676216505,10.414786809170408,10.908378601074219,786100,0.0,0.0
2000-02-03,11.451331960174429,11.747487097075492,11.204536012756876,11.401972770690918,928400,0.0,0.0
2000-02-04,11.69813059511143,12.09300420169747,11.253897787702135,11.30325698852539,906600,0.0,0.0
2000-02-07,11.747490529811127,11.747490529811127,11.451335306370511,11.59941291809082,633500,0.0,0.0
2000-02-08,11.59940952862496,11.648768718108471,11.253895202240386,11.401972770690918,449500,0.0,0.0
2000-02-09,11.500694279140896,11.698131090799968,11.007102249993219,11.105820655822754,469200,0.0,0.0
2000-02-10,11.105814114422865,11.155173288264743,10.513504028320312,10.513504028320312,411000,0.0,0.0
2000-02-11,10.760305504098323,10.760305504098323,10.266713508497483,10.414791107177734,390500,0.0,0.0
2000-02-14,10.217359148222824,10.2667183711611,9.822485364716629,10.019922256469727,1764900,0.0,0.0
2000-02-15,9.822481639568622,9.822481639568622,9.575685618473932,9.625044822692871,1064500,0.0,0.0
2000-02-16,9.723762632620456,9.970558638524528,9.42760742553557,9.77312183380127,517700,0.0,0.0
2000-02-17,9.87184084378756,9.970559252225435,9.575685618473932,9.625044822692871,271300,0.0,0.0
2000-02-18,9.575686341122642,9.625045549066574,9.279531093459056,9.526327133178711,283800,0.0,0.0
2000-02-22,9.625040870351889,9.625040870351889,9.131449030846664,9.575681686401367,252000,0.0,0.0
2000-02-23,9.378245637223529,9.427604824787862,9.131449699401855,9.131449699401855,364500,0.0,0.0
2000-02-24,9.08208925073797,9.180807612159034,8.637856624343177,8.687215805053711,509000,0.0,0.0
2000-02-25,8.78593592591338,9.032731878888475,8.687217544723342,8.983372688293457,1090300,0.0,0.0
2000-02-28,8.939667314586073,10.181287774945249,8.890002496171705,10.032293319702148,822800,0.07,0.0
2000-02-29,9.988341728846232,10.188108563423157,9.588808059692383,9.588808059692383,582500,0.07,0.0
2000-03-01,9.788580221573108,9.838521957397461,9.488929806626993,9.838521957397461,399900,0.0,0.0
2000-03-02,9.938405318260193,10.038288788795471,9.788580112457275,9.988347053527832,384000,0.0,0.0
2000-03-03,10.188110645000751,11.087061584265523,10.188110645000751,11.03711986541748,1274000,0.0,0.0
2000-03-06,11.087060365808723,11.137002079168223,10.637584945573234,10.83735179901123,575000,0.0,0.0
2000-03-07,11.03712186025917,11.03712186025917,10.737471493012315,10.887296676635742,545200,0.0,0.0
2000-03-08,10.88729696404444,10.98718042243017,10.587646588887253,10.937238693237305,338200,0.0,0.0
2000-03-09,10.837354368633694,10.88729609383477,10.537704017427233,10.787412643432617,313600,0.0,0.0
2000-03-10,10.787412806919642,10.937237984793526,10.487762451171875,10.487762451171875,337800,0.0,0.0
2000-03-13,10.188115119934082,10.287998601502064,10.03828989758211,10.188115119934082,283700,0.0,0.0
2000-03-14,9.98834716487052,10.088230636519224,9.688696749924404,9.838521957397461,469900,0.0,0.0
2000-03-15,9.73863782304706,9.93840475275059,9.53887089334353,9.888463020324707,739300,0.0,0.0
2000-03-16,9.938403928002646,10.787413308786792,9.938403928002646,10.737471580505371,412900,0.0,0.0
2000-03-17,10.4877606395897,12.185779028856604,10.4877606395897,11.936070442199707,1435500,0.0,0.0
2000-03-20,11.986012342499524,12.385546087249509,11.986012342499524,12.285662651062012,1321000,0.0,0.0
2000-03-21,12.335607149514807,12.735140984316905,11.836189856012183,12.435490608215332,622300,0.0,0.0
2000-03-22,12.28566397213545,12.335605695599416,12.08589707827959,12.18578052520752,331000,0.0,0.0
2000-03-23,12.135840232113758,12.58531579626612,12.035956773413233,12.435490608215332,486500,0.0,0.0
2000-03-24,12.485431222354665,12.735139846801758,12.485431222354665,12.735139846801758,391400,0.0,0.0
2000-03-27,12.735141567974926,12.785083299614044,12.535374641418457,12.535374641418457,364500,0.0,0.0
2000-03-28,12.535372658977359,12.835023001423032,12.385547487754522,12.685197830200195,570800,0.0,0.0
2000-03-29,12.685199162316701,12.785082620287698,12.335607059418209,12.585315704345703,603000,0.0,0.0
2000-03-30,12.585313566269413,12.685197007271551,12.335604963764066,12.385546684265137,355500,0.0,0.0
2000-03-31,12.435488404766204,12.585313566269413,12.185779802260859,12.385546684265137,636200,0.0,0.0
2000-04-03,12.385546684265135,12.485430125267275,12.13583808175979,12.385546684265137,348700,0.0,0.0
2000-04-04,12.485429523437004,12.735138113905744,11.786245470124532,12.285662651062012,524700,0.0,0.0
2000-04-05,12.185779214874517,12.33560436915576,11.936070624405776,12.285662651062012,300300,0.0,0.0
2000-04-06,12.285664603114128,12.984848767518997,12.285664603114128,12.78508186340332,349300,0.0,0.0
2000-04-07,12.835023067214271,13.184615135192871,12.835023067214271,13.184615135192871,337500,0.0,0.0
2000-04-10,13.084733689448749,13.134675421087865,12.48543290977934,12.535374641418457,757000,0.0,0.0
2000-04-11,12.585315704345703,12.685199162316701,12.435490517389207,12.585315704345703,412700,0.0,0.0
2000-04-12,12.63525610645925,12.81005213955256,12.535372658977359,12.685197830200195,398300,0.0,0.0
2000-04-13,12.635257433331201,12.7351408913022,12.435490517389207,12.585315704345703,404500,0.0,0.0
2000-04-14,12.535370734559388,12.535370734559388,11.586478129154495,11.886128425598145,553700,0.0,0.0
2000-04-17,11.686363147783883,11.836188316345215,11.386712810661221,11.836188316345215,431700,0.0,0.0
2000-04-18,11.836188460959763,12.18578052520752,11.686363290567868,12.18578052520752,342800,0.0,0.0
2000-04-19,12.035953876862466,12.085895594193845,11.886128724868328,11.936070442199707,322200,0.0,0.0
2000-04-20,11.93607275881748,12.535373483109572,11.88613103179314,12.335606575012207,413700,0.0,0.0
2000-04-24,12.085896930614101,12.085896930614101,11.786246593491438,11.836188316345215,404000,0.0,0.0
2000-04-25,11.936072520911694,12.83502358943224,11.936072520911694,12.78508186340332,684500,0.0,0.0
2000-04-26,12.785081343217328,13.184615135192871,12.785081343217328,13.184615135192871,912200,0.0,0.0
2000-04-27,13.38438076120819,13.584147638241149,12.685196691592838,13.134672164916992,1210400,0.0,0.0
2000-04-28,13.134679647316611,13.384388385858752,13.034796151899755,13.284504890441895,384700,0.0,0.0
2000-05-01,13.38438203118064,13.38438203118064,13.034789963202043,13.184615135192871,550800,0.0,0.0
2000-05-02,13.08473162012776,13.08473162012776,12.63525610645925,12.685197830200195,780900,0.0,0.0
2000-05-03,12.884965021470014,13.084731921027688,12.635256397022921,12.735139846801758,776000,0.0,0.0
2000-05-04,12.785081343217328,13.484265479174526,12.785081343217328,13.184615135192871,869300,0.0,0.0
2000-05-05,13.184614578882854,14.383215904235842,13.184614578882854,14.38321590423584,950000,0.0,0.0
2000-05-08,14.283333032438069,15.469448974817105,14.233391308548425,15.132342338562012,2283200,0.0,0.0
2000-05-09,15.431983974744687,16.08122601898961,15.38204227903354,15.88145923614502,2799800,0.0,0.0
2000-05-10,15.88146853665693,16.480769236153417,15.631759911866727,16.330944061279297,1645000,0.0,0.0
2000-05-11,16.18111942255385,16.23106114916667,15.631760429812823,15.931410789489746,1769500,0.0,0.0
2000-05-12,15.887305824952286,16.5388357168273,15.887305824952286,16.488718032836914,1128700,0.07,0.0
2000-05-15,16.388480954053925,16.488716311571075,16.087774881502476,16.4385986328125,538300,0.0,0.0
2000-05-16,16.338364598164304,16.538835329430125,16.08777618408203,16.08777618408203,506200,0.0,0.0
2000-05-17,16.087782114744186,16.28825291991234,15.937429010868073,16.03766441345215,552400,0.0,0.0
2000-05-18,15.686833736943264,15.73695141661401,15.085421580894321,15.336009979248047,1351900,0.0,0.0
2000-05-19,15.235776133351512,15.536482241246608,15.085423079403965,15.436246871948242,555200,0.0,0.0
2000-05-22,15.536482241246608,15.586599925895792,15.285893818000696,15.436246871948242,578400,0.0,0.0
2000-05-23,15.135536371275437,15.33600705168968,14.935065690861192,15.085418701171875,547000,0.0,0.0
2000-05-24,15.135538101196289,15.23577345285984,14.834832046205635,15.135538101196289,627100,0.0,0.0
2000-05-25,15.23576755716343,15.43623818291558,14.784708649221091,14.884943962097168,555600,0.0,0.0
2000-05-26,14.985191341868617,14.985191341868617,13.632013528388843,14.283543586730957,924900,0.0,0.0
2000-05-30,14.433886739231596,14.985181024410581,14.233416090075602,14.935063362121582,534800,0.0,0.0
2000-05-31,14.734603756871715,14.88495685643163,14.534132957458494,14.534132957458496,208700,0.0,0.0
2000-06-01,14.684486057018411,14.684486057018411,14.333662158045275,14.534132957458496,337700,0.0,0.0
2000-06-02,14.584253566099866,15.386136923686111,14.584253566099866,15.18566608428955,365500,0.0,0.0
2000-06-05,15.085427490870158,15.135545190175375,14.684485896428427,15.035309791564941,263000,0.0,0.0
2000-06-06,15.035300332991804,15.636712346311475,14.985182665215165,15.285888671875,395000,0.0,0.0
2000-06-07,15.33600633965164,15.386124007428279,15.085418000768442,15.285888671875,212000,0.0,0.0
2000-06-08,15.185654041378998,15.28588938158612,14.834830350654071,15.085418701171875,233100,0.0,0.0
2000-06-09,15.135545913487265,15.185663615187554,14.634368896484375,14.634368896484375,276300,0.0,0.0
2000-06-12,14.73459755502096,14.784715233779535,14.183303088676638,14.383773803710938,456300,0.0,0.0
2000-06-13,14.433892432679523,14.584245478853267,14.032950976216203,14.133186340332031,332900,0.0,0.0
2000-06-14,14.233421704447862,14.383774750621608,14.032950976216203,14.133186340332031,344500,0.0,0.0
2000-06-15,14.133189401592647,14.183307094506096,13.9828363228523,14.0830717086792,312300,0.0,0.0
2000-06-16,13.982829268887746,14.133182271779013,13.83247626599648,13.932711601257324,339400,0.0,0.0
2000-06-19,13.932723218744451,13.932723218744451,13.130839868025346,13.231075286865234,370100,0.0,0.0
2000-06-20,13.231071217854819,13.632012769911025,12.930365053812663,13.531777381896973,554700,0.0,0.0
2000-06-21,13.581895075903999,13.632012769911025,13.431541993882922,13.531777381896973,311300,0.0,0.0
2000-06-22,13.431542737897471,13.58189582824707,13.431542737897471,13.58189582824707,270700,0.0,0.0
2000-06-23,13.581893425288161,13.581893425288161,12.579539666964312,12.72989273071289,358100,0.0,0.0
2000-06-26,12.729888558387758,13.231065273284914,12.729888558387758,12.830123901367188,710900,0.0,0.0
2000-06-27,12.93035924434662,13.080712258815767,12.780006229877474,12.830123901367188,541700,0.0,0.0
2000-06-28,12.930365053812663,13.732248157925076,12.830129665798612,13.531777381896973,411800,0.0,0.0
2000-06-29,13.381429521476523,14.233430652057425,13.281194094349358,13.632018089294434,384400,0.0,0.0
2000-06-30,13.632010733292637,13.682128419812095,13.030598495059138,13.06818675994873,335900,0.0,0.0
2000-07-03,13.231072758020979,13.431543557384932,13.130837358339003,13.381425857543945,73700,0.0,0.0
2000-07-05,13.431547018197865,13.531782443706804,12.93036989065317,13.03060531616211,397100,0.0,0.0
2000-07-06,13.231070808742357,13.231070808742357,12.529423114339354,12.679776191711426,411200,0.0,0.0
2000-07-07,12.830127523103112,13.331304379474329,12.780009837465991,12.880245208740234,632500,0.0,0.0
2000-07-10,12.830128703934264,12.980481774683494,12.529422562435805,12.579540252685547,448300,0.0,0.0
2000-07-11,12.629654296875,12.629654296875,12.328948242187499,12.5294189453125,445600,0.0,0.0
2000-07-12,12.529423414183057,12.780011882466717,12.1284818649292,12.1284818649292,699300,0.0,0.0
2000-07-13,11.978124027010761,12.028241700763944,11.62730031073848,11.877888679504395,1152500,0.0,0.0
2000-07-14,11.827772531549302,12.228713973296736,11.827772531549302,11.97812557220459,709200,0.0,0.0
2000-07-17,11.92801175565801,12.228717934372078,11.677423273396288,11.727540969848633,583300,0.0,0.0
2000-07-18,11.727539457123855,11.928010217074691,11.62730407714844,11.627304077148438,704900,0.0,0.0
2000-07-19,11.677419662475586,11.727537343430416,11.627301981520754,11.677419662475586,292100,0.0,0.0
2000-07-20,11.67742257369192,11.727540267141244,11.376716412995991,11.426834106445312,231900,0.0,0.0
2000-07-21,11.426831058019113,11.627301778335239,11.426831058019113,11.476948738098145,260900,0.0,0.0
2000-07-24,11.426833317197604,11.727539457123855,11.426833317197604,11.627304077148438,308500,0.0,0.0
2000-07-25,11.62730407714844,11.928010217074691,11.426833317197604,11.627304077148438,381900,0.0,0.0
2000-07-26,11.52706718444824,11.577184867858886,11.226361083984374,11.527067184448242,240700,0.0,0.0
2000-07-27,9.823072272153636,10.324249428896168,9.522365978108116,10.073660850524902,2587000,0.0,0.0
2000-07-28,10.073654558191347,10.424478348775125,9.973419189453125,9.973419189453125,837600,0.0,0.0
2000-07-31,10.173892636299133,10.32424572944641,9.67271565914154,10.023539543151855,550100,0.0,0.0
2000-08-01,9.923297797932344,10.324239123101327,9.923297797932344,10.224003791809082,852900,0.0,0.0
2000-08-02,10.224003791809082,10.324239123101327,9.923297797932344,10.224003791809082,754400,0.0,0.0
2000-08-03,10.073657240867615,10.123774938583374,9.823068752288817,10.023539543151855,774300,0.0,0.0
2000-08-04,9.923307703502143,10.224013997547662,9.923307703502143,10.073660850524902,306900,0.0,0.0
2000-08-07,10.123775197909428,10.574834488905394,10.123775197909428,10.424481391906738,427100,0.0,0.0
2000-08-08,10.42447720482236,10.67506559916905,10.42447720482236,10.524712562561035,384600,0.0,0.0
2000-08-09,10.524713138364396,10.925654591254467,10.524713138364396,10.624948501586914,477700,0.0,0.0
2000-08-10,10.725185990898531,10.725185990898531,10.574832916259766,10.574832916259766,237000,0.0,0.0
2000-08-11,10.62495110888,11.176245741887923,10.574833414970188,10.925657272338867,414400,0.0,0.0
2000-08-14,11.12612590619496,11.376714327505656,11.02589053767068,11.226361274719238,454300,0.0,0.0
2000-08-15,11.226363435797735,11.42683421143698,10.875539578429056,10.925657272338867,426100,0.0,0.0
2000-08-16,10.825419809216651,10.92565517782051,10.574831387707007,10.725184440612793,262900,0.0,0.0
2000-08-17,10.67506880278981,11.025892660158489,10.67506880278981,10.925657272338867,186700,0.0,0.0
2000-08-18,11.025892864174557,11.076010559011715,10.624951305477301,10.875539779663086,178700,0.0,0.0
2000-08-21,10.825419809216651,10.975772862122438,10.624949072008937,10.725184440612793,197800,0.0,0.0
2000-08-22,10.675066183198172,10.725183864809432,10.474595456753136,10.624948501586914,176400,0.0,0.0
2000-08-23,10.725185990898531,10.725185990898531,10.274126766982237,10.574832916259766,265600,0.0,0.0
2000-08-24,10.474598027150565,10.975774966248679,10.374362639330942,10.925657272338867,213900,0.0,0.0
2000-08-25,10.875540455360584,11.226364341017376,10.875540455360584,11.176246643066406,297200,0.0,0.0
2000-08-28,11.226362557246768,11.62730407714844,11.17624486725906,11.627304077148438,338800,0.0,0.0
2000-08-29,11.577186584472656,11.627304275314529,11.426833511947038,11.577186584472656,257800,0.0,0.0
2000-08-30,11.527069493343957,11.527069493343957,11.226363332648027,11.426834106445312,192500,0.0,0.0
2000-08-31,11.432879246514418,11.684704780578613,11.432879246514418,11.684704780578613,170100,0.07,0.0
2000-09-01,11.63433767926745,11.63433767926745,11.181051795659627,11.533607482910156,163400,0.0,0.0
2000-09-05,11.483243075284092,11.63433837890625,11.432877974076705,11.63433837890625,203100,0.0,0.0
2000-09-06,11.634335408776494,11.886160850524902,11.634335408776494,11.886160850524902,242800,0.0,0.0
2000-09-07,12.087622022814324,12.994193674525398,12.087622022814324,12.943828582763672,753400,0.0,0.0
2000-09-08,12.74236786365509,12.792732954025269,12.389812231063843,12.4905424118042,376700,0.0,0.0
2000-09-11,13.094930648803711,13.397121356083796,12.893470177283653,13.094930648803711,913500,0.0,0.0
2000-09-12,13.195654041572304,13.195654041572304,12.742368215716766,12.943828582763672,410600,0.0,0.0
2000-09-13,12.742367497339904,12.843097675184488,12.339446785961567,12.440176963806152,311700,0.0,0.0
2000-09-14,12.440177665146408,12.994193674525398,12.440177665146408,12.943828582763672,235100,0.0,0.0
2000-09-15,12.74236919602237,12.792734291658823,12.289083335294302,12.540908813476562,309500,0.0,0.0
2000-09-18,12.33944579647176,12.389810881355318,11.735064777869061,12.03725528717041,200500,0.0,0.0
2000-09-19,12.037256478257321,12.037256478257321,11.735065939054207,11.93652629852295,322200,0.0,0.0
2000-09-20,12.087624549865723,12.289084959030152,12.037259447574616,12.087624549865723,319400,0.0,0.0
2000-09-21,12.03725528717041,12.137985456937527,11.986890202286851,12.03725528717041,249300,0.0,0.0
2000-09-22,11.93652749974677,11.93652749974677,11.583971835197287,11.835797309875488,263700,0.0,0.0
2000-09-25,11.735062599182127,11.83579275024807,11.735062599182127,11.735062599182129,109400,0.0,0.0
2000-09-26,11.886166347012974,12.238722128492173,11.835801235373088,12.137991905212402,638200,0.0,0.0
2000-09-27,12.137989652156831,12.188354754447937,12.037259447574616,12.087624549865723,240900,0.0,0.0
2000-09-28,12.087621688842773,12.4905424118042,12.037256598472595,12.4905424118042,442000,0.0,0.0
2000-09-29,12.44017660327074,12.540906778196009,12.289081340882836,12.389811515808105,300100,0.0,0.0
2000-10-02,12.289082771490428,12.389812958141988,12.037257304861525,12.188352584838867,288900,0.0,0.0
2000-10-03,12.188356461816904,12.490547117895009,12.188356461816904,12.339451789855957,211900,0.0,0.0
2000-10-04,12.289082050323486,12.792732954025269,12.289082050323486,12.4905424118042,381900,0.0,0.0
2000-10-05,12.49054371784011,12.641639004749466,12.339448430930753,12.540908813476562,230600,0.0,0.0
2000-10-06,12.389811515808105,12.490541690733375,12.087620991032297,12.389811515808105,312800,0.0,0.0
2000-10-09,12.490544016047041,13.195655371791633,12.389813822369241,12.994194984436035,524600,0.0,0.0
2000-10-10,12.994194780077253,13.195655164264497,12.641639107749574,12.692004203796387,267700,0.0,0.0
2000-10-11,12.692003518096671,12.893463891399794,12.087622398187305,12.188352584838867,369700,0.0,0.0
2000-10-12,12.137990741894162,12.137990741894162,11.483244353327256,11.684704780578613,313400,0.0,0.0
2000-10-13,11.533609460140095,11.78543499420429,11.533609460140095,11.684704780578613,368200,0.0,0.0
2000-10-16,11.583975677173662,12.1379919052124,11.533610565533776,12.137991905212402,233100,0.0,0.0
2000-10-17,12.188353595570621,12.188353595570621,11.382512035532894,11.785432815551758,339700,0.0,0.0
2000-10-18,11.634338708571446,12.440180350723582,11.382513195398905,12.238719940185547,683600,0.0,0.0
2000-10-19,12.33944642834547,12.44017660327074,11.936525728644394,12.389811515808105,414300,0.0,0.0
2000-10-20,12.289082527160645,12.440177804133931,12.08762215786293,12.289082527160645,411300,0.0,0.0
2000-10-23,12.692003265756075,12.692003265756075,12.08762215786293,12.289082527160645,812600,0.0,0.0
2000-10-24,12.289087240132059,12.289087240132059,12.087626793572516,12.137991905212402,496300,0.0,0.0
2000-10-25,12.037257857112042,12.792734291658823,11.98689276147559,12.540908813476562,1246300,0.0,0.0
2000-10-26,12.540910555992598,12.591275658627106,11.634338708571446,12.238719940185547,1035200,0.0,0.0
2000-10-27,12.289084959030152,12.289084959030152,11.986894345283508,12.087624549865723,566700,0.0,0.0
2000-10-30,11.986891163505522,12.44017696380615,11.936526074583231,12.440176963806152,490100,0.0,0.0
2000-10-31,12.339445315301418,12.994191393256187,12.28908023238182,12.893461227416992,404300,0.0,0.0
2000-11-01,12.792734291658823,12.893464482931726,12.440178622203657,12.540908813476562,286100,0.0,0.0
2000-11-02,12.591271787076384,13.094922658559438,12.490541612779772,13.044557571411133,403300,0.0,0.0
2000-11-03,13.044559876124064,13.246020260311308,12.540908915655953,12.692004203796387,222700,0.0,0.0
2000-11-06,12.692006722864402,12.84310204099374,12.591276510778176,12.641641616821289,261700,0.0,0.0
2000-11-07,12.994194115847902,13.699305424459803,12.893463928903344,13.548210144042969,517800,0.0,0.0
2000-11-08,13.90076564220672,14.605876942898366,13.90076564220672,14.202956199645996,901200,0.0,0.0
2000-11-09,14.001498400510012,14.05186350267012,13.447482276748826,13.749672889709473,439100,0.0,0.0
2000-11-10,13.648938880776461,13.648938880776461,13.296383263929837,13.346748352050781,168200,0.0,0.0
2000-11-13,13.296385955810546,13.598576545715332,13.09492556254069,13.598576545715332,226300,0.0,0.0
2000-11-14,13.699306621418133,14.505148187383906,13.699306621418133,14.404417991638184,934000,0.0,0.0
2000-11-15,14.303686271858899,14.354051364365445,13.900765531806536,14.051860809326172,159100,0.0,0.0
2000-11-16,14.001498135653408,14.202958540482955,13.699307528409092,13.85040283203125,152000,0.0,0.0
2000-11-17,13.900766822269983,14.253322502544947,13.800036627905708,14.102227210998535,214100,0.0,0.0
2000-11-20,14.007162027743274,14.007162027743274,13.299218820564914,13.804892539978027,264900,0.07,0.0
2000-11-21,14.209428521565028,14.209428521565028,13.804889631271362,14.15886116027832,338900,0.0,0.0
2000-11-22,14.057731874527468,14.158866636214716,13.906029731996597,14.108299255371094,338100,0.0,0.0
2000-11-24,13.956592492416974,14.310564041137694,13.804890400108095,14.310564041137695,172000,0.0,0.0
2000-11-27,14.259992809295653,15.17020511627197,14.259992809295653,15.170205116271973,711600,0.0,0.0
2000-11-28,15.069074465982938,15.423046013841597,14.96793973802332,15.220776557922363,746000,0.0,0.0
2000-11-29,14.96793692452567,15.01850427900042,14.46226337977818,14.866802215576172,402100,0.0,0.0
2000-11-30,14.563400861652495,14.613968225755455,14.108294584725854,14.310564041137695,379700,0.0,0.0
2000-12-01,14.310570489949194,14.816244358851993,14.260003103058914,14.664542198181152,605500,0.0,0.0
2000-12-04,14.765666313171385,15.271339817047117,14.51282956123352,15.170205116271973,382300,0.0,0.0
2000-12-05,15.220773172835573,15.878148758373323,15.1702058201019,15.827581405639648,742700,0.0,0.0
2000-12-06,15.928716803557121,16.181553578216757,15.018504414782429,15.069071769714355,790200,0.0,0.0
2000-12-07,15.01850427900042,15.170206342424665,14.765667506626675,14.866802215576172,256400,0.0,0.0
2000-12-08,14.96793973802332,15.524180741801214,14.917372374043511,15.220776557922363,361200,0.0,0.0
2000-12-11,15.220775376407767,15.220775376407767,14.563399695699125,14.81623649597168,392200,0.0,0.0
2000-12-12,14.664539086364957,14.715106462524837,14.462269581725442,14.613971710205078,414800,0.0,0.0
2000-12-13,14.765669607780348,15.271343224485154,14.361130714416502,14.361130714416504,366100,0.0,0.0
2000-12-14,14.260001397901965,14.46227092127646,13.804894970309348,14.108299255371094,223400,0.0,0.0
2000-12-15,14.158860853501967,14.866803896177066,13.804889332164418,14.462265014648438,587600,0.0,0.0
2000-12-18,14.563401655717328,15.069075324318625,14.5128342888572,15.018507957458496,389100,0.0,0.0
2000-12-19,14.917373914976379,15.069076022586309,14.664537068959831,14.967941284179688,316500,0.0,0.0
2000-12-20,14.765672617488438,14.816239989466137,14.361133641666836,14.563403129577637,453700,0.0,0.0
2000-12-21,14.563398088727679,14.664532797677177,14.361128670828684,14.51283073425293,432100,0.0,0.0
2000-12-22,14.51283073425293,14.96793692452567,14.411696025303433,14.866802215576172,238900,0.0,0.0
2000-12-26,14.81624940170865,14.967951614012833,14.411710168897491,14.71511459350586,278100,0.0,0.0
2000-12-27,14.715105245510737,14.765672617488438,14.462268385622236,14.563403129577637,571300,0.0,0.0
2000-12-28,14.462263637820616,15.524178100737513,14.41169628244362,15.271341323852539,620100,0.0,0.0
2000-12-29,15.321908544373994,15.675880028897485,15.069071769714355,15.069071769714355,468800,0.0,0.0
2001-01-02,15.018509477376938,15.018509477376938,14.361133641666836,14.563403129577637,363600,0.0,0.0
2001-01-03,14.563401166130513,15.524181104173847,14.057727514528759,15.473613739013672,662600,0.0,0.0
2001-01-04,15.473615698087013,15.473615698087013,14.866807239338502,14.917374610900879,635600,0.0,0.0
2001-01-05,14.512844977100281,14.917384209911438,14.209440552491913,14.71511459350586,364100,0.0,0.0
2001-01-08,14.613968665913754,14.664536031539754,13.906025547149767,14.209429740905762,216100,0.0,0.0
2001-01-09,14.209432294403296,14.259999669116475,13.855460671411043,13.956595420837402,285800,0.0,0.0
2001-01-10,14.007166168607515,14.664542198181152,13.653194460375556,14.664542198181152,722600,0.0,0.0
2001-01-11,14.563402616060698,15.827586870927078,14.563402616060698,15.777019500732422,452800,0.0,0.0
2001-01-12,15.675881466018819,17.2434696126207,15.675881466018819,16.23212242126465,1909200,0.0,0.0
2001-01-16,16.130995979791955,16.88950676254079,15.878159052209007,15.979293823242188,640600,0.0,0.0
2001-01-17,16.029853246226814,16.383824769014158,15.92871852543043,16.282690048217773,386500,0.0,0.0
2001-01-18,16.1309871673584,16.181554525249805,15.979285093684181,16.1309871673584,318200,0.0,0.0
2001-01-19,16.18156021360367,16.282694964938692,15.878155959598601,15.928723335266113,412900,0.0,0.0
2001-01-22,15.82758858393109,16.13099283793616,15.675886456928556,15.928723335266113,337400,0.0,0.0
2001-01-23,16.181555287091562,16.737796250085335,15.878151125458597,16.636661529541016,660000,0.0,0.0
2001-01-24,16.636664944887162,16.636664944887162,16.080423867702482,16.18155860900879,450100,0.0,0.0
2001-01-25,15.878142287678523,16.130978948310347,15.72644029129943,16.029844284057617,318000,0.0,0.0
2001-01-26,16.130991238355637,16.586097574234007,16.02985649704933,16.18155860900879,296800,0.0,0.0
2001-01-29,16.181555026915017,16.68318391175445,16.181555026915017,16.58609390258789,373000,0.0,0.0
2001-01-30,16.586096537140183,16.909727380445666,16.545643260424594,16.836910247802734,404800,0.0,0.0
2001-01-31,16.836906219575884,17.59743967678146,16.683182570280128,17.427534103393555,852600,0.0,0.0
2001-02-01,17.427533010348373,17.718799909772855,17.07153841861498,17.686437606811523,780500,0.0,0.0
2001-02-02,17.4437211670051,17.759262634913476,17.403267884470242,17.57317352294922,511300,0.0,0.0
2001-02-05,17.556992835119836,17.767351752530455,17.200998090774394,17.63789939880371,323100,0.0,0.0
2001-02-06,17.759259540944544,18.123343649909977,17.759259540944544,17.840166091918945,859100,0.0,0.0
2001-02-07,17.718806338647887,18.00198392247157,17.59744495792165,17.92107582092285,519800,0.0,0.0
2001-02-08,17.799717320709863,18.123348236083984,17.726900171851447,18.123348236083984,313200,0.0,0.0
2001-02-09,17.961530975728238,18.01007522027846,16.788367339542933,16.990636825561523,604400,0.0,0.0
2001-02-12,17.152451382356954,17.152451382356954,16.80454765294673,16.909727096557617,394900,0.0,0.0
2001-02-13,16.869270522201607,18.20424843190247,16.869270522201607,17.718801498413086,677000,0.0,0.0
2001-02-14,17.880619059074323,18.04243368746088,17.79162001038602,17.888710021972656,426000,0.0,0.0
2001-02-15,17.864438983127393,18.179978852869475,17.63789662809586,17.840166091918945,476100,0.0,0.0
2001-02-16,17.73465410204504,18.262229305699123,17.702187173520674,17.896984100341797,450500,0.07,0.0
2001-02-20,17.896974042369663,18.62746404255413,17.872625407768506,18.30280113220215,472700,0.0,0.0
2001-02-21,18.302807126259424,19.39854093727475,18.1242437055734,19.31737518310547,1207800,0.0,0.0
2001-02-22,19.155056978988128,19.29303838132741,18.992725371021105,19.284921646118164,885000,0.0,0.0
2001-02-23,19.357957018452115,19.479704864231998,19.073877679560496,19.471588134765625,701300,0.0,0.0
2001-02-26,19.52028644212269,20.13714393212174,19.479704343982515,20.047863006591797,825500,0.0,0.0
2001-02-27,20.04786787702076,20.29136362123227,19.163164299286375,19.43912696838379,1092500,0.0,0.0
2001-02-28,19.447239444689625,19.804367828185896,18.935897833774398,19.520288467407227,704800,0.0,0.0
2001-03-01,19.357965974480496,20.624146942988283,19.203751139487114,20.53486442565918,1113000,0.0,0.0
2001-03-02,20.210195102060535,20.29136085510254,19.966699391042496,20.29136085510254,534000,0.0,0.0
2001-03-05,20.48615929876135,20.607907163572385,20.25078029987443,20.510509490966797,523900,0.0,0.0
2001-03-06,20.616015994298017,21.184174543176596,20.53485026615715,21.176057815551758,937800,0.0,0.0
2001-03-07,21.021851613605083,22.060769949369192,20.948802583459507,21.922788619995117,1275600,0.0,0.0
2001-03-08,21.83350822709787,21.83350822709787,21.354631893707776,21.460147857666016,656600,0.0,0.0
2001-03-09,21.184172546583095,21.533184061019487,21.184172546583095,21.516950607299805,867200,0.0,0.0
2001-03-12,21.508843128497784,21.508843128497784,20.867635363839394,21.103015899658203,578700,0.0,0.0
2001-03-13,20.981276302054475,21.062442089403213,19.073887265847954,20.129037857055664,908100,0.0,0.0
2001-03-14,19.560873157399442,20.080331526012245,19.268677051000715,19.6663875579834,664200,0.0,0.0
2001-03-15,19.885534078119573,20.331943407568847,19.187510753860405,19.625804901123047,891100,0.0,0.0
2001-03-16,19.39854272241739,19.406659453392056,18.36774111025681,18.473257064819336,859200,0.0,0.0
2001-03-19,18.546311298153885,18.911555005824386,18.20541624212961,18.262231826782227,680100,0.0,0.0
2001-03-20,18.30281835932468,19.560884450796735,18.30281835932468,19.284921646118164,1034100,0.0,0.0
2001-03-21,19.398548479016224,19.398548479016224,17.75089030491305,17.799589157104492,739700,0.0,0.0
2001-03-22,17.84828130706027,17.84828130706027,16.638916353027795,17.80769920349121,796200,0.0,0.0
2001-03-23,17.80770134694158,18.22164535522461,17.694068656676226,18.22164535522461,539600,0.0,0.0
2001-03-26,18.870970145515773,19.114465915246832,18.42456071830605,18.66805648803711,578000,0.0,0.0
2001-03-27,18.92777859718905,19.34172248840332,18.091775633851398,19.34172248840332,656600,0.0,0.0
2001-03-28,19.341735647005404,19.341735647005404,18.351517254895526,18.546314239501953,568800,0.0,0.0
2001-03-29,18.26222576937833,18.65181954757913,17.905097365306894,18.465139389038086,270300,0.0,0.0
2001-03-30,18.586884044416713,19.398538383021005,18.018726936258386,18.02684211730957,634400,0.0,0.0
2001-04-02,18.221640520909457,18.465136203247628,17.66971532296129,18.02684211730957,493800,0.0,0.0
2001-04-03,17.978152049741936,18.10801668334238,17.29636194928533,17.450576782226562,368000,0.0,0.0
2001-04-04,17.45056375538744,17.45056375538744,16.86617334043266,16.93922233581543,403000,0.0,0.0
2001-04-05,16.971696633420333,18.189178466796875,16.955463170762673,18.189178466796875,765300,0.0,0.0
2001-04-06,18.05931242863992,18.05931242863992,17.401872724258574,17.539854049682617,220400,0.0,0.0
2001-04-09,17.491153943743058,18.14859520668804,17.491153943743058,17.937564849853516,432900,0.0,0.0
2001-04-10,17.978147474059938,18.911549871040286,17.978147474059938,18.74921989440918,644800,0.0,0.0
2001-04-11,18.749218446067253,18.83038420216698,18.392090048093277,18.651819229125977,278800,0.0,0.0
2001-04-12,18.60313274865882,18.797929763793945,18.302819716090667,18.797929763793945,310300,0.0,0.0
2001-04-16,18.595010149554906,18.70864131886014,18.04308467331478,18.262231826782227,340500,0.0,0.0
2001-04-17,18.497610152583245,19.479711532592773,18.359628800636376,19.479711532592773,777900,0.0,0.0
2001-04-18,19.88553820803544,20.291365518403513,19.487827629647732,19.991052627563477,743700,0.0,0.0
2001-04-19,19.926119152425223,20.534860082313262,19.926119152425223,20.478044509887695,504000,0.0,0.0
2001-04-20,20.372531954124952,20.453697728465766,19.382312293762123,19.479711532592773,1127200,0.0,0.0
2001-04-23,19.479705390675775,19.747551277873253,19.431006560669296,19.54463768005371,397300,0.0,0.0
2001-04-24,19.54463501860974,19.72319840305665,18.0998898415505,18.286571502685547,671800,0.0,0.0
2001-04-25,18.28656933352015,18.830377699042096,18.237868967814304,18.489482879638672,670700,0.0,0.0
2001-04-26,19.479708426339286,21.34651319795355,19.479708426339286,21.305931091308594,1864200,0.0,0.0
2001-04-27,21.10301878571197,21.87409124520243,20.169616341350203,20.372529983520508,1176600,0.0,0.0
2001-04-30,20.38064729806591,20.616026324701327,19.47971020565951,19.69074058532715,951700,0.0,0.0
2001-05-01,19.690737957199897,20.697189331054688,19.690737957199897,20.697189331054688,739500,0.0,0.0
2001-05-02,20.388768442064805,21.18418974271934,20.388768442064805,21.054325103759766,533800,0.0,0.0
2001-05-03,20.737763558316825,21.508835644044428,20.656599379278113,21.378971099853516,671000,0.0,0.0
2001-05-04,21.176077602821923,21.176077602821923,19.19563910692541,19.284921646118164,1649600,0.0,0.0
2001-05-07,19.479705601982978,19.552754621839046,18.465137601879697,18.586885452270508,1123200,0.0,0.0
2001-05-08,18.870962542355024,19.11445821398103,18.46513539090653,18.822263717651367,409300,0.0,0.0
2001-05-09,18.749213490785266,18.992709146622264,18.538183199942974,18.55441665649414,355600,0.0,0.0
2001-05-10,18.6680522459672,19.706970493496424,18.6680522459672,19.31737518310547,702200,0.0,0.0
2001-05-11,18.96733771907969,19.699982931440044,18.92663589735966,19.634859085083008,715800,0.07,0.0
2001-05-14,19.76511260057437,20.02560806274414,19.37436785464428,20.02560806274414,894200,0.0,0.0
2001-05-15,19.862788688480528,19.862788688480528,19.48832701820919,19.577871322631836,485100,0.0,0.0
2001-05-16,19.577880128548845,20.147715116551794,18.560318759026025,20.02560806274414,838800,0.0,0.0
2001-05-17,19.862794345996843,20.188413619995117,19.292961004668655,20.188413619995117,401300,0.0,0.0
2001-05-18,19.98489376989646,20.017456461234787,19.53716763271654,19.781381607055664,291400,0.0,0.0
2001-05-21,19.659282797394795,20.050025939941406,19.594158940303693,20.050025939941406,423100,0.0,0.0
2001-05-22,19.94419190737483,20.14770406969498,19.716257726613414,20.10700225830078,474300,0.0,0.0
2001-05-23,20.107004930350023,20.163988094944308,19.642995834350586,19.642995834350586,320700,0.0,0.0
2001-05-24,19.415065301055467,19.699982707887404,19.227834438988033,19.537172317504883,604900,0.0,0.0
2001-05-25,19.553447900075575,19.553447900075575,19.301091714143922,19.333654403686523,264500,0.0,0.0
2001-05-29,19.252245460554906,19.292948814508446,18.92662639229753,19.121997833251953,724500,0.0,0.0
2001-05-30,19.1301471670031,19.162709864911736,18.861511119956436,18.869651794433594,596700,0.0,0.0
2001-05-31,18.869655012432467,18.9266381908155,18.478911886941543,18.487051010131836,694800,0.0,0.0
2001-06-01,18.6417206594533,18.72312586505378,17.70556467673564,17.89279556274414,1012100,0.0,0.0
2001-06-04,17.89279751233774,17.990484080237245,17.624161391458248,17.803253173828125,949300,0.0,0.0
2001-06-05,17.82767198077501,18.03118422154339,17.510193382032394,17.673002243041992,851700,0.0,0.0
2001-06-06,17.673007497653973,17.99048774346631,17.13573514649542,17.31482696533203,1284200,0.0,0.0
2001-06-07,17.322957730614792,17.322957730614792,14.774984307203848,15.027338981628418,5745500,0.0,0.0
2001-06-08,15.01920092167723,15.01920092167723,11.396683154932358,12.235153198242188,11035800,0.0,0.0
2001-06-11,12.316557939229824,13.11432613467332,12.292136693591601,13.0247802734375,6108100,0.0,0.0
2001-06-12,12.902670916576351,13.024777898843102,12.544489089609302,12.94337272644043,2155500,0.0,0.0
2001-06-13,12.984079117440926,12.984079117440926,12.642178535300225,12.699162483215332,1252000,0.0,0.0
2001-06-14,12.536352336206736,12.617757534058242,12.07234472693066,12.479369163513184,1869000,0.0,0.0
2001-06-15,12.047919206249187,12.691017556971074,12.047919206249187,12.511926651000977,879000,0.0,0.0
2001-06-18,12.495643923117388,12.821262990109132,12.495643923117388,12.577048301696777,754500,0.0,0.0
2001-06-19,12.536348342895508,12.764282513738884,12.495646533272357,12.536348342895508,518000,0.0,0.0
2001-06-20,12.577055074253366,12.61775767362935,11.925815813250155,12.324700355529785,943900,0.0,0.0
2001-06-21,12.292138147823794,12.33283996992363,11.803708519250831,11.885113716125488,636900,0.0,0.0
2001-06-22,11.885109554986887,12.104902267456055,11.844406970800085,12.104902267456055,631600,0.0,0.0
2001-06-25,12.096766289020284,12.235154663149176,12.05606446537798,12.210733413696289,784800,0.0,0.0
2001-06-26,12.210731724549177,12.739863122078008,12.210731724549177,12.658458709716797,1588300,0.0,0.0
2001-06-27,12.780567142839196,13.220153502930767,12.76428656908488,12.984079360961914,1095100,0.0,0.0
2001-06-28,13.02478215144231,13.317840246705769,13.02478215144231,13.228294372558594,542300,0.0,0.0
2001-06-29,13.83883031001477,14.034201845717513,12.821269257807801,12.861971855163574,2263900,0.0,0.0
2001-07-02,12.943372742905073,13.146884897833376,12.943372742905073,13.000356674194336,822500,0.0,0.0
2001-07-03,12.943376952460788,13.309699571540115,12.943376952460788,13.228294372558594,521400,0.0,0.0
2001-07-05,13.472508731699277,14.253996486441277,13.391105083490269,14.009780883789062,3236100,0.0,0.0
2001-07-06,14.017917745169996,14.083041577623442,13.431803253088985,13.920232772827148,1088800,0.0,0.0
2001-07-09,13.920232772827148,13.94465323957554,13.676017236620746,13.920232772827148,617500,0.0,0.0
2001-07-10,13.838828096861487,14.001638460247383,13.187589748667296,13.268993377685547,669200,0.0,0.0
2001-07-11,12.98407913882329,13.236434626566528,12.959657890440877,13.057344436645508,608200,0.0,0.0
2001-07-12,13.057350413688145,13.627183943920803,13.024787699155924,13.081770896911621,539400,0.0,0.0
2001-07-13,13.146891750294685,13.34226333453706,12.886396304638186,13.334122657775879,380800,0.0,0.0
2001-07-16,13.431803726804915,13.505068234983282,12.902672375374813,13.065481185913086,609900,0.0,0.0
2001-07-17,12.984075886990036,13.106183650995462,12.91081138385424,13.016637802124023,749500,0.0,0.0
2001-07-18,13.016637242893223,13.024777915411299,12.878248915434998,13.000356674194336,302400,0.0,0.0
2001-07-19,12.902674697521107,12.975938442547697,12.536352090700724,12.699162483215332,575500,0.0,0.0
2001-07-20,12.617757286958028,12.853831424499228,12.495650268909559,12.699162483215332,386400,0.0,0.0
2001-07-23,12.984077400873277,13.61089453437084,12.984077400873277,13.089903831481934,1396200,0.0,0.0
2001-07-24,13.089906091418076,13.47250851082302,12.617757797241213,12.617757797241211,713300,0.0,0.0
2001-07-25,12.699161944085315,13.073623657226562,12.699161944085315,13.073623657226562,376100,0.0,0.0
2001-07-26,13.04920371752271,13.04920371752271,12.454947649089313,12.845690727233887,748300,0.0,0.0
2001-07-27,12.780564089893565,12.943373670233248,12.601473163351253,12.796845436096191,318400,0.0,0.0
2001-07-30,12.788703793234777,12.829406379317573,12.707298621069185,12.739860534667969,233400,0.0,0.0
2001-07-31,12.78056435378809,12.821266943797772,12.577052180077015,12.674737930297852,411800,0.0,0.0
2001-08-01,12.682877237937744,13.187588057573299,12.682877237937744,12.853827476501465,611900,0.0,0.0
2001-08-02,13.106187283097833,13.350401326112848,13.032922759658325,13.27713680267334,365300,0.0,0.0
2001-08-03,13.277128394233223,13.63531010946951,13.187584129929677,13.382955551147461,394500,0.0,0.0
2001-08-06,13.350401083411962,13.553913299783105,13.008500497801442,13.049203872680664,420100,0.0,0.0
2001-08-07,12.984075312641766,13.032918571350821,12.902670916576351,12.94337272644043,302800,0.0,0.0
2001-08-08,12.821266679062814,13.065480661403681,12.75614284692694,12.796845436096191,471900,0.0,0.0
2001-08-09,12.780567420002628,12.894534544104378,12.528212698806813,12.617757797241211,482800,0.0,0.0
2001-08-10,12.699160852375046,12.78056526184082,12.577053073670305,12.78056526184082,218600,0.0,0.0
2001-08-13,12.821267127990723,12.992217387417426,12.7805645373963,12.821267127990723,459000,0.0,0.0
2001-08-14,12.943376496707877,12.975938419886434,12.699162461037433,12.902674674987793,318000,0.0,0.0
2001-08-15,12.861968330375015,13.049199916366259,12.821265744173678,12.94337272644043,295700,0.0,0.0
2001-08-16,13.024777720752601,13.187588063331809,12.943372549462998,13.163166046142578,336100,0.0,0.0
2001-08-17,13.146886841640317,13.472506027134475,13.073622330819788,13.260854721069336,501700,0.0,0.0
2001-08-20,13.46436856987606,13.635318081131649,13.024781450633217,13.122467994689941,464800,0.0,0.0
2001-08-21,13.122466314446859,13.75742333515131,13.122466314446859,13.309697151184082,529700,0.0,0.0
2001-08-22,13.309699499639393,13.55391354258965,13.301558824517715,13.391104698181152,607900,0.0,0.0
2001-08-23,13.553910276232111,13.952793945017211,13.472505097308192,13.75742244720459,667300,0.0,0.0
2001-08-24,13.676013942954029,14.408658822451855,13.651593482086945,14.302831649780273,1030300,0.0,0.0
2001-08-27,14.164449126301502,14.547053064571664,14.083043933945621,14.40866470336914,696800,0.0,0.0
2001-08-28,14.408671603769271,14.530778674443456,14.172596588146956,14.19701862335205,1047000,0.0,0.0
2001-08-29,14.205182113194725,14.752792789787534,14.139795833553729,14.630193710327148,724000,0.07,0.0
2001-08-30,14.622019763828739,14.752792318936994,14.548460006713867,14.548460006713867,1136800,0.0,0.0
2001-08-31,14.54846416610981,14.818182832999446,14.54846416610981,14.81001091003418,577100,0.0,0.0
2001-09-04,14.850873432829985,14.850873432829985,14.213356018066408,14.213356018066406,510600,0.0,0.0
2001-09-05,14.213354880093569,14.229701838916846,13.404199125522933,13.633051872253418,809500,0.0,0.0
2001-09-06,13.690268998538007,13.690268998538007,13.322470103362578,13.494110107421875,402100,0.0,0.0
2001-09-07,13.494104821132984,13.494104821132984,13.101787192590375,13.118132591247559,222300,0.0,0.0
2001-09-10,12.954669977116405,13.224388589179245,12.913803355401978,13.085442543029785,245300,0.0,0.0
2001-09-17,12.46427447335762,12.46427447335762,11.197413633287063,11.646944999694824,895200,0.0,0.0
2001-09-18,11.687807850690033,11.990219564641878,11.679634371523958,11.851273536682129,872800,0.0,0.0
2001-09-19,11.646943294180396,11.728676541364559,11.221931655968373,11.279145240783691,898200,0.0,0.0
2001-09-20,11.197412695063269,11.197412695063269,10.747881366321439,10.772401809692383,373700,0.0,0.0
2001-09-21,10.543549537658691,10.952214260505402,10.208444589638965,10.543549537658691,1321600,0.0,0.0
2001-09-24,10.707014111131885,11.279144463600666,10.625280869579505,10.911346435546875,491500,0.0,0.0
2001-09-25,10.82961658331064,10.935869518796048,10.420951806581938,10.625284194946289,635600,0.0,0.0
2001-09-26,10.625285812249757,10.707019091822822,9.685356994491114,10.077674865722656,1317300,0.0,0.0
2001-09-27,10.216617825680364,10.257484452876302,9.669007047866609,9.979592323303223,658200,0.0,0.0
2001-09-28,9.979592302631902,10.707015770921377,9.93055219420514,10.461816787719727,1268900,0.0,0.0
2001-10-01,10.461817755415666,10.617110017443471,10.257485380424994,10.519030570983887,225800,0.0,0.0
2001-10-02,10.461812916113082,10.886823654174805,10.453639437822371,10.886823654174805,461000,0.0,0.0
2001-10-03,10.8296160336393,11.238280789625689,10.707016918629849,11.230107307434082,495200,0.0,0.0
2001-10-04,11.27914383506413,11.810407537151756,11.07481152203567,11.491649627685547,635800,0.0,0.0
2001-10-05,11.491652259698919,11.516171924627786,11.197413162688115,11.320013046264648,223200,0.0,0.0
2001-10-08,11.360879662485097,11.6060786667439,11.091160991640258,11.262800216674805,151100,0.0,0.0
2001-10-09,11.344533686505255,11.360879871374449,10.911349264678421,11.246454238891602,221100,0.0,0.0
2001-10-10,11.328184565521378,11.565210046996233,11.164718850619066,11.279145240783691,486600,0.0,0.0
2001-10-11,11.40174065425548,11.851271809831912,11.360874043845666,11.76136589050293,679100,0.0,0.0
2001-10-12,11.761368512009792,11.761368512009792,11.279144116515033,11.426262855529785,298900,0.0,0.0
2001-10-15,11.483474968949333,11.557034718800882,11.27914267690207,11.524341583251953,496500,0.0,0.0
2001-10-16,11.565207418088736,11.606074032391357,11.442608354646714,11.524341583251953,200400,0.0,0.0
2001-10-17,11.442609956711632,11.524343196760235,10.9930786953762,11.074811935424805,372900,0.0,0.0
2001-10-18,11.074812685445158,11.156545151562991,10.7151873402355,11.091158866882324,250400,0.0,0.0
2001-10-19,11.115676304521983,11.442607639580835,11.033943081024375,11.401741027832031,622200,0.0,0.0
2001-10-22,11.360875126041474,11.687807260996596,11.197409448296831,11.524341583251953,418000,0.0,0.0
2001-10-23,11.60607475620758,11.753194265085828,11.483475685119629,11.483475685119629,248600,0.0,0.0
2001-10-24,11.524343968846502,11.524343968846502,11.238278388977049,11.23827838897705,251000,0.0,0.0
2001-10-25,11.27914665767322,11.540691834372296,11.140200587685309,11.418092727661133,441400,0.0,0.0
2001-10-26,11.418088697851475,11.606074032391357,11.377222083548856,11.524341583251953,322400,0.0,0.0
2001-10-29,11.532521214842129,11.745027113382292,11.524348510641587,11.606081008911133,232600,0.0,0.0
2001-10-30,11.524346384483813,11.597905385515412,11.172894446312807,11.507999420166016,345400,0.0,0.0
2001-10-31,11.565210560020732,11.753196725096833,11.360878212462302,11.67963695526123,213700,0.0,0.0
2001-11-01,11.516172890503956,11.81041123272681,11.262800400101323,11.76954460144043,229600,0.0,0.0
2001-11-02,11.810407576186053,11.843100715200023,11.565208643848319,11.695981979370117,287200,0.0,0.0
2001-11-05,11.614248494904041,11.622421974350049,11.311836770594882,11.434435844421387,269800,0.0,0.0
2001-11-06,11.352702823680865,12.014739036560059,11.352702823680865,12.014739036560059,220200,0.0,0.0
2001-11-07,11.93300769955682,12.096473398290625,11.769541221357079,11.794061660766602,129800,0.0,0.0
2001-11-08,11.769541221357079,12.096473398290625,11.769541221357079,11.794061660766602,143700,0.0,0.0
2001-11-09,11.875792993095438,12.317150727513965,11.875792993095438,12.104645729064941,272900,0.0,0.0
2001-11-12,12.137341522137179,12.235420953533383,11.851275929298728,12.194554328918457,184600,0.0,0.0
2001-11-13,12.194549834834326,12.791199684143066,12.194549834834326,12.791199684143066,289300,0.0,0.0
2001-11-14,12.9546690361386,13.175348309687612,12.83206917990051,13.159001350402832,236700,0.0,0.0
2001-11-15,13.077270053204927,13.32246824312969,13.036403428395454,13.273428916931152,576600,0.0,0.0
2001-11-16,13.404199563710412,13.404199563710412,13.159001409072845,13.199867248535156,515500,0.0,0.0
2001-11-19,13.21628451960378,13.339417289129042,13.183448279347385,13.331208229064941,258800,0.07,0.0
2001-11-20,13.257330944310638,13.298376252959821,13.060318159949851,13.068527221679688,543100,0.0,0.0
2001-11-21,13.068526593726988,13.068526593726988,12.723753846232595,12.84688663482666,348400,0.0,0.0
2001-11-23,12.764803366125763,13.167038917541504,12.764803366125763,13.167038917541504,83400,0.0,0.0
2001-11-26,13.134200693147303,13.134200693147303,12.84688973984096,13.052111625671387,451700,0.0,0.0
2001-11-27,12.970020252285062,13.043900238847227,12.814051217796232,12.904349327087402,428600,0.0,0.0
2001-11-28,12.92077002150698,13.027485498373938,12.814054544640022,12.937188148498535,1284200,0.0,0.0
2001-11-29,12.84688746391433,12.953602919583798,12.63345733543462,12.896141052246094,421100,0.0,0.0
2001-11-30,12.84688570399965,13.29837465042285,12.740171045808415,13.093152046203613,630600,0.0,0.0
2001-12-03,12.970025137983829,13.339424427085058,12.805847763145447,13.22450065612793,354000,0.0,0.0
2001-12-04,13.224496449435724,13.634940147399902,13.101362870330936,13.634940147399902,257600,0.0,0.0
2001-12-05,13.667774040870142,14.028964912650627,13.667774040870142,13.897623062133789,576800,0.0,0.0
2001-12-06,13.93046003760298,14.365530967712402,13.700612544179497,14.365530967712402,470200,0.0,0.0
2001-12-07,14.201351237949803,14.636422118836519,14.053592822773949,14.570751190185547,999300,0.0,0.0
2001-12-10,14.447618889774647,14.702093551302763,14.373738896795759,14.595378875732422,339200,0.0,0.0
2001-12-11,14.587167785200842,14.734927750611497,14.529705924367429,14.652838706970215,637700,0.0,0.0
2001-12-12,14.652840735777886,14.858062590436628,14.57075168077069,14.611795425415039,1041500,0.0,0.0
2001-12-13,14.529709639829541,14.71030432944648,14.390158699669598,14.537917137145996,488800,0.0,0.0
2001-12-14,14.611787778220439,15.27670736664116,14.611787778220439,15.030440330505371,515100,0.0,0.0
2001-12-17,14.825226217347163,15.350595225539548,14.808809659058715,15.227460861206055,443800,0.0,0.0
2001-12-18,15.268506626487468,15.777455960129885,15.202835694220107,15.744621276855469,506700,0.0,0.0
2001-12-19,15.596860885620115,15.695368064340167,15.120746247529926,15.596860885620117,622500,0.0,0.0
2001-12-20,15.51476714362409,15.670736143759836,15.28491973891669,15.473723411560059,606300,0.0,0.0
2001-12-21,15.465521316651778,15.596863197265993,15.186419428916889,15.44089412689209,567000,0.0,0.0
2001-12-24,15.383421166540476,15.637895681174355,15.350586502902681,15.58043384552002,185900,0.0,0.0
2001-12-26,15.580439585978942,16.19610502176996,15.55581397060693,16.007301330566406,245400,0.0,0.0
2001-12-27,16.007303567857704,16.409538187574075,15.933423579979351,16.278196334838867,457200,0.0,0.0
2001-12-28,16.253570158970945,16.40953920591753,15.802082707890051,16.089393615722656,542400,0.0,0.0
2001-12-31,16.00730255579742,16.00730255579742,15.605067961512294,15.719991683959961,469100,0.0,0.0
2002-01-02,15.719992267941949,15.75282851312871,15.432681385431179,15.62148666381836,405800,0.0,0.0
2002-01-03,15.613274693616987,15.71998933915529,15.178203920260396,15.194622039794922,957600,0.0,0.0
2002-01-04,15.194628570276322,15.63790702819824,15.145375756222492,15.637907028198242,695200,0.0,0.0
2002-01-07,15.637900307200718,15.843122104228119,15.169994860493134,15.194622039794922,673300,0.0,0.0
2002-01-08,15.194624550159888,15.202833611283403,14.61179373613686,14.669257164001465,1085000,0.0,0.0
2002-01-09,14.858054974946928,14.899098698554335,14.611787936149405,14.726713180541992,1499100,0.0,0.0
2002-01-10,15.063283049166001,15.104326790006787,14.784181227437275,14.940150260925293,276700,0.0,0.0
2002-01-11,14.85806262712253,14.85806262712253,14.587169840932871,14.67746639251709,326000,0.0,0.0
2002-01-14,14.734923787849485,14.734923787849485,14.40656770159136,14.521492958068848,678300,0.0,0.0
2002-01-15,14.685678329237748,14.685678329237748,14.36553267354309,14.661052703857422,341700,0.0,0.0
2002-01-16,14.644634238665866,14.644634238665866,14.193146705627443,14.193146705627441,462100,0.0,0.0
2002-01-17,14.283442342263172,14.283442342263172,13.758074837577029,14.258816719055176,723800,0.0,0.0
2002-01-18,13.996131033583252,14.858063834765996,13.914043537419909,14.496872901916504,1367400,0.0,0.0
2002-01-22,14.496870416383613,14.628212266588351,14.308066702429096,14.324484825134277,555600,0.0,0.0
2002-01-23,14.201357225099425,14.308073507721794,13.955091530264747,14.283446311950684,330500,0.0,0.0
2002-01-24,14.447623757746998,14.620009422302246,14.365534675031585,14.620009422302246,380400,0.0,0.0
2002-01-25,14.570757276871626,14.570757276871626,13.930464280764308,13.95509147644043,1050400,0.0,0.0
2002-01-28,14.070008353046989,14.070008353046989,13.544640962209339,13.692400932312012,880100,0.0,0.0
2002-01-29,13.83195693846805,13.873000693858009,13.257334968695206,13.59389877319336,527100,0.0,0.0
2002-01-30,13.790908133085733,13.996129989624023,13.46255347576817,13.996129989624023,498100,0.0,0.0
2002-01-31,13.996135236848204,13.996135236848204,13.5446476094863,13.95509147644043,471500,0.0,0.0
2002-02-01,13.95508534836261,13.95508534836261,13.42150886877478,13.552850723266602,552700,0.0,0.0
2002-02-04,13.955080371993489,14.11925841442173,13.807320446951643,13.971498489379883,663900,0.0,0.0
2002-02-05,13.95508346230509,14.061798117512593,13.864785362401529,13.872994422912598,1042000,0.0,0.0
2002-02-06,14.365527093549359,14.365527093549359,13.749861646682957,13.872994422912598,654300,0.0,0.0
2002-02-07,13.66777753153166,13.881208484559991,13.462555641971969,13.626733779907227,485400,0.0,0.0
2002-02-08,13.914047364721402,13.914047364721402,13.3804690985779,13.807331085205078,539800,0.0,0.0
2002-02-11,13.807326880178998,14.020757808492126,13.741655945753312,13.963295936584473,316800,0.0,0.0
2002-02-12,13.955087132747856,13.955087132747856,13.782701513829434,13.864789009094238,244600,0.0,0.0
2002-02-13,13.914044187797161,14.25881701124208,13.914044187797161,14.225980758666992,745400,0.0,0.0
2002-02-14,14.26702402062982,14.45582933504064,14.111056523389493,14.1849365234375,415700,0.0,0.0
2002-02-15,14.176696804683463,14.3332987119324,14.151969443076474,14.316815376281738,268700,0.07,0.0
2002-02-19,14.234387004464073,14.234387004464073,14.0036031000296,14.077783584594727,306600,0.0,0.0
2002-02-20,14.086025923098147,14.341535605627303,14.00360298845066,14.27559757232666,197300,0.0,0.0
2002-02-21,14.275596708791435,14.58880352708856,14.234386030003899,14.415715217590332,439000,0.0,0.0
2002-02-22,14.415720343581738,14.415720343581738,13.764582269102325,13.814035415649414,774800,0.0,0.0
2002-02-25,13.805788437456133,13.846999117389991,13.393675349770875,13.640942573547363,1250500,0.0,0.0
2002-02-26,13.682159554846615,14.572324069051291,13.682159554846615,14.448690414428711,515900,0.0,0.0
2002-02-27,14.671230810543621,15.363581184011611,14.465174189204037,14.836076736450195,810500,0.0,0.0
2002-02-28,14.877277594492355,15.454236381572207,14.836066926309318,15.338845252990723,546000,0.0,0.0
2002-03-01,15.338845449940635,15.816896438598633,15.24818009227035,15.816896438598633,1036500,0.0,0.0
2002-03-04,15.816897598415537,15.816897598415537,15.33884657470315,15.64380931854248,1239100,0.0,0.0
2002-03-05,15.45423956779839,15.816899496506958,15.45423956779839,15.709749221801758,556400,0.0,0.0
2002-03-06,15.709760440052866,15.82515324691263,15.371827619288014,15.627337455749512,415700,0.0,0.0
2002-03-07,15.783935285682908,15.90756893157959,15.421275228577155,15.90756893157959,523200,0.0,0.0
2002-03-08,16.031204604185834,16.13835334777832,15.726240135044362,16.13835334777832,401600,0.0,0.0
2002-03-11,16.05592980201527,16.138352755956898,15.87460056101336,16.088899612426758,195900,0.0,0.0
2002-03-12,16.097138344835383,16.27022509323251,15.82514376014938,16.1795597076416,216200,0.0,0.0
2002-03-13,16.187800181156756,16.187800181156756,15.907563180001018,15.973501205444336,218400,0.0,0.0
2002-03-14,15.948777473540819,16.072411090589544,15.907565219800087,16.031200408935547,150100,0.0,0.0
2002-03-15,16.154836057933867,16.237259003695726,15.99823261819503,16.105382919311523,241100,0.0,0.0
2002-03-18,16.154831124176646,16.484521234448323,16.064165754319518,16.45155143737793,666100,0.0,0.0
2002-03-19,16.31968235859675,16.830703426689208,16.270229213970747,16.814218521118164,816600,0.0,0.0
2002-03-20,16.690581477724454,16.863668234743635,16.484524916271067,16.698823928833008,479200,0.0,0.0
2002-03-21,16.608157875372157,16.904879815081316,16.40210132214896,16.459796905517578,414800,0.0,0.0
2002-03-22,16.426826643943983,16.59991337265434,16.303193041709935,16.3856143951416,211400,0.0,0.0
2002-03-25,16.393856707177942,16.484522081694955,15.874594953322626,15.973501205444336,264300,0.0,0.0
2002-03-26,15.907567272528905,16.02296002580662,15.330609794488083,15.783933639526367,598900,0.0,0.0
2002-03-27,15.78392970459642,16.07240915774244,15.775687254839502,16.04768180847168,401300,0.0,0.0
2002-03-28,15.989992406942022,16.03944555249378,15.619091457173088,15.866358757019043,453300,0.0,0.0
2002-04-01,15.742717958149996,15.750960407346826,15.165759091063435,15.569629669189453,349100,0.0,0.0
2002-04-02,15.759205669653738,15.759205669653738,15.157519347572173,15.429513931274414,571900,0.0,0.0
2002-04-03,15.42951691345369,15.63557350372352,14.910254997692002,15.075100898742676,569200,0.0,0.0
2002-04-04,15.058617574808517,15.41303519880707,15.04213266855575,15.264674186706543,545700,0.0,0.0
2002-04-05,15.41302677046897,15.619083269688682,15.256423390877817,15.495448112487793,390600,0.0,0.0
2002-04-08,15.454245313265913,15.503698458083967,15.149280847365795,15.371822357177734,541400,0.0,0.0
2002-04-09,15.371825080691272,16.179566734875902,15.371825080691272,15.989995002746582,585300,0.0,0.0
2002-04-10,15.98999398366433,16.40210723876953,15.948783286988734,16.40210723876953,367200,0.0,0.0
2002-04-11,16.402094697266367,16.451547809881305,16.15482756210558,16.377368927001953,370800,0.0,0.0
2002-04-12,16.4433127320135,16.64936927465985,16.26198196834925,16.583431243896484,451900,0.0,0.0
2002-04-15,16.583436673076115,16.583436673076115,16.187806786885698,16.36089515686035,862000,0.0,0.0
2002-04-16,16.360891965850165,16.61640167236328,16.261984120571643,16.61640167236328,392600,0.0,0.0
2002-04-17,16.525736896586313,16.773005732986913,16.484526209896345,16.649372100830078,337700,0.0,0.0
2002-04-18,16.65761020472169,17.044997512236765,16.484523462962187,16.789487838745117,396100,0.0,0.0
2002-04-19,15.165764359020814,15.289397995745576,14.885527277331628,14.918497085571289,2383100,0.0,0.0
2002-04-22,14.712441083840362,15.042131318877809,14.5888074422122,14.761894226074219,745400,0.0,0.0
2002-04-23,14.753644995171776,15.239938457958656,14.753644995171776,15.141032218933105,789900,0.0,0.0
2002-04-24,15.149284667234662,15.248192553897374,15.042135897763625,15.165769577026367,668700,0.0,0.0
2002-04-25,15.124552967826512,15.248186598804844,14.877284133782934,15.223459243774414,615200,0.0,0.0
2002-04-26,15.231700699208814,15.470727065941857,14.745407086691833,14.794861793518066,794500,0.0,0.0
2002-04-29,14.803100544584233,14.803100544584233,14.292081224201317,14.580560684204102,842800,0.0,0.0
2002-04-30,14.580565350779045,14.695956542876992,14.283843345856226,14.50638484954834,774300,0.0,0.0
2002-05-01,14.506381253102935,14.836071414564815,14.300324705678424,14.671225547790527,554100,0.0,0.0
2002-05-02,14.67121982015372,14.959699188343174,14.67121982015372,14.786612510681152,362000,0.0,0.0
2002-05-03,14.662985370739007,14.8772828068752,14.506381947020921,14.844314575195312,402000,0.0,0.0
2002-05-06,14.753645510341475,14.753645510341475,14.514620780944824,14.514620780944824,244700,0.0,0.0
2002-05-07,14.712436510133239,15.00091596564302,13.846998143603898,14.028328895568848,865700,0.0,0.0
2002-05-08,14.382753407409286,14.39923674302816,14.003608390603292,14.17669677734375,583400,0.0,0.0
2002-05-09,14.135475259472795,15.075093946814198,14.102507037718276,14.877278327941895,1602800,0.0,0.0
2002-05-10,14.877281177756215,15.157518190738704,14.877281177756215,14.926735877990723,567000,0.0,0.0
2002-05-13,14.926742186340352,15.025648484436017,14.382752830552402,14.976195335388184,620500,0.0,0.0
2002-05-14,15.165766562144011,15.206978828430474,14.86904610531755,15.157524108886719,416300,0.0,0.0
2002-05-15,15.157517809046862,15.157517809046862,14.959703729349913,15.042126655578613,613100,0.0,0.0
2002-05-16,15.058678957277865,15.141417685568115,14.893198344417195,15.033856391906738,572200,0.07,0.0
2002-05-17,14.893202149900084,15.058682805044057,14.595337601897127,14.777366638183594,364400,0.0,0.0
2002-05-20,14.777362970795396,14.810458146726468,14.31401788263964,14.388484001159668,793300,0.0,0.0
2002-05-21,14.479495181838278,14.603604824911802,14.1650839808427,14.421577453613281,473900,0.0,0.0
2002-05-22,14.413311004638674,14.47950295502172,14.305749677068938,14.413311004638672,419200,0.0,0.0
2002-05-23,14.413305268049836,14.413305268049836,14.007879536048165,14.247824668884277,652600,0.0,0.0
2002-05-24,14.272649543528521,14.471225347800788,14.189909230546691,14.28919792175293,231300,0.0,0.0
2002-05-28,14.289197670785631,14.289197670785631,13.974784802604885,14.189908981323242,446300,0.0,0.0
2002-05-29,14.090617461472483,14.206452914487038,13.834122418169274,13.900314331054688,734200,0.0,0.0
2002-05-30,13.817581201130285,13.817581201130285,13.412153795645942,13.652100563049316,1096600,0.0,0.0
2002-05-31,13.73483692853175,13.933412690184902,13.56935633808419,13.875494956970215,557800,0.0,0.0
2002-06-03,13.792754057994165,13.792754057994165,13.213574383990029,13.370779991149902,704900,0.0,0.0
2002-06-04,13.197023733481668,13.304585778381227,12.866064202305923,13.279763221740723,1129300,0.0,0.0
2002-06-05,13.263216428786581,13.362503499069541,13.15565359481726,13.279763221740723,352500,0.0,0.0
2002-06-06,13.238396644592285,13.436972404884386,13.213574871823255,13.238396644592285,462100,0.0,0.0
2002-06-07,13.15565613270392,13.561081833873216,13.072916628483403,13.47006893157959,456800,0.0,0.0
2002-06-10,13.478345246534342,13.734838775901185,13.254946892824472,13.288042068481445,692600,0.0,0.0
2002-06-11,13.403878056271186,13.610728016533766,13.279766817601674,13.29631519317627,368200,0.0,0.0
2002-06-12,13.288041883876394,13.296316072210708,12.990178205471366,13.2549467086792,780700,0.0,0.0
2002-06-13,13.254947335810613,13.36250863296562,13.114289283752441,13.114289283752441,479700,0.0,0.0
2002-06-14,13.114289438954035,13.114289438954035,12.452369325388549,12.890891075134277,775100,0.0,0.0
2002-06-17,13.031547647921355,13.403878211975098,12.96535572299402,13.403878211975098,663100,0.0,0.0
2002-06-18,13.445250554518266,13.685197321921638,13.403881184068185,13.652100563049316,288700,0.0,0.0
2002-06-19,13.652096314306673,13.941686551753266,13.114286775128619,13.47006893157959,641100,0.0,0.0
2002-06-20,13.362508773803711,13.693468435622906,13.031549111984516,13.362508773803711,536300,0.0,0.0
2002-06-21,13.362506897682344,13.362506897682344,13.155656940819956,13.31286334991455,355500,0.0,0.0
2002-06-24,13.321137308577084,13.627274355712599,12.874341440997489,13.544535636901855,415700,0.0,0.0
2002-06-25,13.652095179709473,13.66036936616485,13.064641355565241,13.097737312316895,564000,0.0,0.0
2002-06-26,13.031542869622541,13.114283139978182,12.57647296080591,12.866063117980957,585500,0.0,0.0
2002-06-27,12.866063117980957,13.10600895512868,12.394444839465319,12.866063117980957,1136300,0.0,0.0
2002-06-28,12.866068317591056,13.354233584950277,12.866068317591056,13.106014251708984,827400,0.0,0.0
2002-07-01,13.155655910409097,13.163930097412312,12.61784638031856,12.626120567321777,428900,0.0,0.0
2002-07-02,12.576479219693924,12.576479219693924,11.831819572180043,12.146231651306152,869100,0.0,0.0
2002-07-03,12.204148619405272,12.204148619405272,11.451214830832154,11.873188972473145,737300,0.0,0.0
2002-07-05,12.038663744236345,12.741952896118164,11.790443718661116,12.741952896118164,203300,0.0,0.0
2002-07-08,12.824699429711712,12.857795396677197,12.34480751417714,12.353081703186035,405900,0.0,0.0
2002-07-09,12.353078842030964,12.700586809215633,12.030392647053796,12.245516777038574,494100,0.0,0.0
2002-07-10,12.25379484939616,12.411000508648167,11.98902630197729,12.030396461486816,682300,0.0,0.0
2002-07-11,11.906280262624056,12.005568117722143,11.575319956560705,11.864910125732422,664600,0.0,0.0
2002-07-12,11.83182001894158,12.129683731380247,11.724257925515642,11.749079704284668,276400,0.0,0.0
2002-07-15,11.749073900249789,11.881457707047238,11.633238463836886,11.864910125732422,623100,0.0,0.0
2002-07-16,11.749080048742188,11.980751831875487,11.682888110704102,11.78217601776123,412900,0.0,0.0
2002-07-17,12.20414699811342,12.444092907530479,11.633241485731427,11.740802764892578,832500,0.0,0.0
2002-07-18,11.790449553944216,12.278615661727157,11.624969718018667,11.666339874267578,1179800,0.0,0.0
2002-07-19,11.459487529035219,11.997297082628522,11.169897283826554,11.583597183227539,1770200,0.0,0.0
2002-07-22,11.583595068696384,12.022116661071776,11.20299119916214,12.022116661071777,1806400,0.0,0.0
2002-07-23,12.022117760171078,12.022117760171078,11.318828468716642,11.699432373046875,1528900,0.0,0.0
2002-07-24,11.542229837803129,12.154505648193803,11.186448374505916,12.055217742919922,713300,0.0,0.0
2002-07-25,12.162776594837462,12.361352352442747,11.749076705291495,11.914556503295898,514900,0.0,0.0
2002-07-26,11.99729668735498,12.080036980137116,11.906282996550559,11.922830581665039,502200,0.0,0.0
2002-07-29,12.038669724370898,12.733685825598593,12.038669724370898,12.708863258361816,1013600,0.0,0.0
2002-07-30,12.708862780982352,13.403879645173424,12.6178490717432,13.321139335632324,1476900,0.0,0.0
2002-07-31,13.321139983751797,13.321139983751797,12.725411777653838,13.01500129699707,298700,0.0,0.0
2002-08-01,13.01499788763405,13.197026056355268,12.626120567321777,12.626120567321777,421400,0.0,0.0
2002-08-02,12.684041486521002,12.899165668259739,12.303437468471738,12.344807624816895,629700,0.0,0.0
2002-08-05,12.328256984046726,12.535106938739256,12.24551747561169,12.419271469116211,870600,0.0,0.0
2002-08-06,12.626121462440228,12.808148854996224,11.583597498223337,11.77389907836914,1580100,0.0,0.0
2002-08-07,11.997296823284806,12.080037117004395,11.58359693282671,12.080037117004395,392200,0.0,0.0
2002-08-08,11.91455652956522,12.328256420023315,11.67461062466232,12.080037117004395,343300,0.0,0.0
2002-08-09,12.080038878654705,12.303436441764122,11.848366338082672,12.137956619262695,175700,0.0,0.0
2002-08-12,12.055212636007077,12.055212636007077,11.633239414619831,11.97247314453125,378200,0.0,0.0
2002-08-13,11.806997339384782,11.972477167003584,11.583598980296857,11.591873168945312,245400,0.0,0.0
2002-08-14,11.600147263064688,12.005573034694466,11.40157068247026,11.964202880859375,344700,0.0,0.0
2002-08-15,11.964200596900932,12.410996437072756,11.790446615219118,12.410996437072754,497900,0.0,0.0
2002-08-16,12.328255678832,12.328255678832,12.179324263788589,12.27861213684082,213400,0.0,0.0
2002-08-19,12.361353132466068,12.84951915918564,12.286887810467633,12.832971572875977,517700,0.0,0.0
2002-08-20,12.83297094358778,12.99845074391965,12.733683063388659,12.91571044921875,225300,0.0,0.0
2002-08-21,12.940535961671172,13.01500129699707,12.741959366925112,13.01500129699707,196900,0.0,0.0
2002-08-22,12.866067940848879,13.19702756819284,12.849519564946684,13.12256145477295,215800,0.0,0.0
2002-08-23,13.122556724914926,13.122556724914926,12.725405315250327,12.741952896118164,89900,0.0,0.0
2002-08-26,12.758505790027183,13.089465415434248,12.659217902405064,13.081192016601562,358100,0.0,0.0
2002-08-27,13.081191213016444,13.081191213016444,12.543380868430477,12.700587272644043,466300,0.0,0.0
2002-08-28,12.609571824995609,12.617846011757138,11.91455591842469,12.27033805847168,697300,0.0,0.0
2002-08-29,12.802384927625956,12.802384927625956,11.887929314402433,12.428289413452148,367700,0.07,0.0
2002-08-30,12.469862155154773,12.519741952612886,12.212151321777416,12.328536987304688,295600,0.0,0.0
2002-09-03,12.328532109677601,12.328532109677601,11.738292169475375,11.946123123168945,426300,0.0,0.0
2002-09-04,11.971061210434348,12.469855757874145,11.638532040682534,12.428289413452148,557200,0.0,0.0
2002-09-05,12.220460684824692,12.328532882658779,11.80479875137615,12.253713607788086,349400,0.0,0.0
2002-09-06,12.386726691613994,12.55299211792745,12.203835991168885,12.544678688049316,401400,0.0,0.0
2002-09-09,12.544677616458213,12.544677616458213,12.012630041890784,12.353472709655762,270700,0.0,0.0
2002-09-10,12.178893520068724,12.478170599577023,12.178893520068724,12.444917678833008,410600,0.0,0.0
2002-09-11,12.386725091062896,12.511424144684996,12.262026830253001,12.286966323852539,196500,0.0,0.0
2002-09-12,12.120704575766922,12.212149935780463,12.012632354216887,12.070825576782227,167000,0.0,0.0
2002-09-13,12.070825041407563,12.303595542907715,12.012631821423255,12.303595542907715,237300,0.0,0.0
2002-09-16,12.303592974352725,12.469857583571235,12.195520780157644,12.378412246704102,117900,0.0,0.0
2002-09-17,12.461542326219762,12.536361587591678,12.037567040320296,12.178892135620117,219800,0.0,0.0
2002-09-18,12.178895800240063,12.212148727209797,11.788174106548786,12.020944595336914,354200,0.0,0.0
2002-09-19,11.937809488998553,11.937809488998553,11.472268604723352,11.513834953308105,573100,0.0,0.0
2002-09-20,11.596967697143555,11.680100400330849,11.472269435174828,11.596967697143555,298300,0.0,0.0
2002-09-23,11.51383352214823,11.51383352214823,10.765641719058753,10.998412132263184,656000,0.0,0.0
2002-09-24,10.890340749313028,11.015038986755245,10.773955146304782,10.998412132263184,544200,0.0,0.0
2002-09-25,11.015040853024118,11.17299203339993,10.84877624399374,10.973474502563477,442700,0.0,0.0
2002-09-26,11.056608813114579,11.306006159373705,11.023355886467517,11.172993659973145,345100,0.0,0.0
2002-09-27,9.1445602001941,9.227692882775216,8.313236545631,8.388055801391602,5982200,0.0,0.0
2002-09-30,8.42131019794172,8.861911590414953,8.022274361262218,8.645767211914062,2019700,0.0,0.0
2002-10-01,8.8203513348329,9.061435371911267,8.60420759983391,8.911797523498535,702100,0.0,0.0
2002-10-02,8.812033827015632,9.169502571795084,8.695648193359375,8.695648193359375,904500,0.0,0.0
2002-10-03,8.56263280757029,8.878535854807042,8.479500134629909,8.554319381713867,512900,0.0,0.0
2002-10-04,8.629141723123723,8.695647568199604,8.072154676004065,8.521069526672363,684900,0.0,0.0
2002-10-07,8.396370462985095,8.421309954302231,7.9391422271728525,7.939142227172852,546700,0.0,0.0
2002-10-08,7.93914406307343,8.288300193503085,7.897577706058029,8.188541412353516,543700,0.0,0.0
2002-10-09,8.105410127021976,8.122036989883796,7.8310732323016135,8.088783264160156,786200,0.0,0.0
2002-10-10,8.088781779231033,8.379745483398438,7.864324721489235,8.379745483398438,741500,0.0,0.0
2002-10-11,8.604207170692293,8.895170211791992,8.479508044952995,8.895170211791992,609100,0.0,0.0
2002-10-14,8.853597438833457,9.211066897703475,8.72889919601522,9.136247634887695,592400,0.0,0.0
2002-10-15,9.186129570007324,9.39396055216671,8.994924654158304,9.186129570007324,515700,0.0,0.0
2002-10-16,9.102995509576344,9.136248430076236,8.62082776592182,8.728899955749512,278300,0.0,0.0
2002-10-17,8.97829531233239,9.069740625708471,8.72889806616527,8.9201021194458,422700,0.0,0.0
2002-10-18,9.003238175741826,9.643357987885302,8.570950140694269,9.593478202819824,1379700,0.0,0.0
2002-10-21,9.56022521695285,9.917694761373626,9.29420181244192,9.842875480651855,399600,0.0,0.0
2002-10-22,9.80962284526894,10.258537750066745,9.734803562333923,9.859501838684082,716200,0.0,0.0
2002-10-23,9.834560461232018,9.9260057935468,9.518657323037107,9.668295860290527,362800,0.0,0.0
2002-10-24,9.851184922666155,9.859497556083106,9.535281861275072,9.709859848022461,625500,0.0,0.0
2002-10-25,9.759742195164437,9.975886594997656,9.510344871727048,9.967573165893555,367100,0.0,0.0
2002-10-28,10.142150616221675,10.175403537869135,9.701549206189778,9.876127243041992,394500,0.0,0.0
2002-10-29,9.79299487326557,10.017452696575901,9.626730259412852,9.975886344909668,426500,0.0,0.0
2002-10-30,9.984199773805358,10.108898035991842,9.892753641577201,9.975886344909668,493700,0.0,0.0
2002-10-31,9.975885128991466,10.300101681096052,9.934318782391578,10.175402641296387,347900,0.0,0.0
2002-11-01,10.158777865485915,10.54949951171875,9.98419982189661,10.54949951171875,323300,0.0,0.0
2002-11-04,10.599380523610971,10.715766163792464,10.449741956636524,10.682513236999512,343400,0.0,0.0
2002-11-05,10.674199807098194,10.76564515757574,10.491308313330794,10.682513236999512,538600,0.0,0.0
2002-11-06,10.76564515757574,10.76564515757574,10.391549532951933,10.682513236999512,372900,0.0,0.0
2002-11-07,10.690825802707824,10.690825802707824,10.433115819986194,10.574440956115723,395900,0.0,0.0
2002-11-08,10.491306509944183,10.591065273175168,10.250222633932923,10.458053588867188,223500,0.0,0.0
2002-11-11,10.433118000117272,10.433118000117272,10.208660104250967,10.266853332519531,252000,0.0,0.0
2002-11-12,10.266846824961613,10.55780961063013,10.200341000076696,10.399858474731445,345100,0.0,0.0
2002-11-13,10.441429879346613,10.516248374032788,10.266851806120828,10.474682807922363,537300,0.0,0.0
2002-11-14,10.516246588788036,10.557812940654484,10.391548326000914,10.54949951171875,378300,0.0,0.0
2002-11-15,10.466367351492,10.616005897521973,10.349981727600666,10.616005897521973,481900,0.0,0.0
2002-11-18,10.783188175641152,10.858419850826442,10.590930158773999,10.65780258178711,216600,0.07,0.0
2002-11-19,10.599289675355966,10.783188444638476,10.490621785953293,10.69959831237793,254700,0.0,0.0
2002-11-20,10.540774589874625,10.741392639860413,10.448825214968457,10.63272476196289,345100,0.0,0.0
2002-11-21,10.632725750540585,10.950370162270469,10.590930286358358,10.89185619354248,340300,0.0,0.0
2002-11-22,10.900213946476677,11.217858314514162,10.398670039642319,11.21785831451416,475200,0.0,0.0
2002-11-25,11.134268259886122,11.351604022823642,10.741392992863057,11.125909805297852,478700,0.0,0.0
2002-11-26,11.067394530458513,11.259653312516576,10.983804414192338,11.109189987182617,295300,0.0,0.0
2002-11-27,11.192784890391065,11.38504294379906,11.092476236806592,11.368325233459473,257700,0.0,0.0
2002-11-29,11.242932613405136,11.493704507551731,11.075751616368033,11.234573364257812,120400,0.0,0.0
2002-12-02,11.318163788702197,11.685961966823971,10.992160260207879,11.343240737915039,301800,0.0,0.0
2002-12-03,11.28473228581933,11.28473228581933,10.975447126240217,11.201141357421875,280200,0.0,0.0
2002-12-04,10.992162683776183,11.150985257232586,10.88349561416751,11.042317390441895,268200,0.0,0.0
2002-12-05,11.059037119865774,11.059037119865774,10.607647865936196,10.65780258178711,404300,0.0,0.0
2002-12-06,10.61600465650253,10.61600465650253,10.206410961226988,10.29000186920166,1132200,0.0,0.0
2002-12-09,10.273290452571354,10.273290452571354,9.947286643296069,10.114468574523926,477800,0.0,0.0
2002-12-10,10.223127453261318,10.457181648986522,10.172973552164407,10.415386199951172,289200,0.0,0.0
2002-12-11,10.423746420626768,10.423746420626768,10.181333750248562,10.365232467651367,361900,0.0,0.0
2002-12-12,10.306717956056449,10.490617446450079,10.17297316201812,10.281641006469727,217600,0.0,0.0
2002-12-13,10.072665423219387,10.515695290448697,10.064306173585534,10.089383125305176,475500,0.0,0.0
2002-12-16,10.005796386482317,10.005796386482317,9.596201785636138,9.863692283630371,970200,0.0,0.0
2002-12-17,10.114465890551209,10.47390503407233,9.955643257466393,9.989079475402832,1649100,0.0,0.0
2002-12-18,9.997432617204915,10.231485999670335,9.888764776050511,10.072664260864258,789500,0.0,0.0
2002-12-19,10.039228953436787,11.059033466041841,9.963997303107485,10.866775512695312,2762800,0.0,0.0
2002-12-20,10.950369934838355,11.033960064284523,10.507339139763255,10.682879447937012,1017700,0.0,0.0
2002-12-23,10.448824073489675,10.900213241577148,10.448824073489675,10.900213241577148,486400,0.0,0.0
2002-12-24,10.891852463744447,11.117547414732353,10.799903111776356,10.866775512695312,412000,0.0,0.0
2002-12-26,10.82497961165031,11.293087195754621,10.657798616320866,11.142623901367188,568300,0.0,0.0
2002-12-27,11.159345678738937,11.184422636111918,10.92529141931745,11.059036254882812,322400,0.0,0.0
2002-12-30,10.9503704740634,11.075756072998047,10.699598479011911,11.075756072998047,542400,0.0,0.0
2002-12-31,10.9503704740634,11.159347003742608,10.707957731522805,11.075756072998047,632800,0.0,0.0
2003-01-02,11.100827896878853,11.35159977589556,11.000519304708536,11.326522827148438,491000,0.0,0.0
2003-01-03,11.326522827148438,11.326522827148438,11.07575094813173,11.326522827148438,253600,0.0,0.0
2003-01-06,11.3265238662979,11.359960066755603,11.008879563358775,11.084111213684082,490800,0.0,0.0
2003-01-07,11.117549692583703,11.276371478011413,11.00888181953019,11.21785831451416,319800,0.0,0.0
2003-01-08,10.950369382113676,11.150986639276823,10.925291627081696,10.958727836608887,330600,0.0,0.0
2003-01-09,10.992163843246766,11.485348522556404,10.992163843246766,11.418476104736328,246700,0.0,0.0
2003-01-10,11.410118536078436,11.727762966163855,11.27637368071241,11.518786430358887,254100,0.0,0.0
2003-01-13,11.418475604897296,11.6274521007327,11.326526233715263,11.527143478393555,256700,0.0,0.0
2003-01-14,11.318167801736399,11.610735235954026,11.284731591869994,11.602375984191895,283600,0.0,0.0
2003-01-15,11.535501694452947,11.619091806977202,11.000521626133327,11.385038375854492,487500,0.0,0.0
2003-01-16,11.39339739024826,11.39339739024826,10.231487914746598,10.29000186920166,2210400,0.0,0.0
2003-01-17,10.40703084066978,10.716316003645613,10.19805431456323,10.507339477539062,920800,0.0,0.0
2003-01-21,10.423747673591885,10.423747673591885,10.047590146366595,10.239848136901855,475000,0.0,0.0
2003-01-22,10.114461258149223,10.223128318786621,9.83861238721624,10.223128318786621,687800,0.0,0.0
2003-01-23,10.239847093448166,10.448823564743027,10.08102532602414,10.43210506439209,479400,0.0,0.0
2003-01-24,10.43210350117192,10.515694396036803,10.030869119056932,10.281641006469727,390800,0.0,0.0
2003-01-27,9.989075090027624,10.081025246871869,9.512608994314599,9.788457870483398,764300,0.0,0.0
2003-01-28,9.788460605981436,9.938923961279306,9.629638795419833,9.863692283630371,509300,0.0,0.0
2003-01-29,9.78009806348985,10.089383125305176,9.69650795869707,10.089383125305176,478500,0.0,0.0
2003-01-30,10.047590324815628,10.047590324815628,9.654714288558136,9.663073539733887,335700,0.0,0.0
2003-01-31,9.663076455247262,10.030874848948491,9.621280983940181,10.014156341552734,450600,0.0,0.0
2003-02-03,9.997433666546378,10.122819221017998,9.763380259514458,9.780097961425781,280900,0.0,0.0
2003-02-04,9.69650814439735,9.69650814439735,9.512608634840252,9.604557991027832,477200,0.0,0.0
2003-02-05,9.445735458167544,9.629634952681199,9.420658508019006,9.554403305053711,439800,0.0,0.0
2003-02-06,9.236761230239471,9.320351349856054,9.044502440475414,9.111374855041504,825800,0.0,0.0
2003-02-07,9.40394187293598,9.930562713482237,9.194965386870734,9.721586227416992,1226400,0.0,0.0
2003-02-10,9.65471276323539,9.863689226521082,9.504249454571468,9.62963581085205,705400,0.0,0.0
2003-02-11,9.70486793159171,9.84697200890272,9.62127781370303,9.738304138183594,364700,0.0,0.0
2003-02-12,9.65471363067627,9.738303745191649,9.52932726313018,9.65471363067627,375100,0.0,0.0
2003-02-13,9.654711902829739,9.696507351198552,9.445735458167544,9.554403305053711,464400,0.0,0.0
2003-02-14,9.612920290527985,10.01415484174605,9.60456103808206,9.863692283630371,783200,0.0,0.0
2003-02-18,9.863688858451585,10.097742265386774,9.863688858451585,9.99743366241455,263400,0.0,0.0
2003-02-19,9.963997465541818,9.972356715088436,9.729944058509899,9.780097961425781,206700,0.0,0.0
2003-02-20,9.763383279795532,9.763383279795532,9.487534336879172,9.537688255310059,340600,0.0,0.0
2003-02-21,9.328712855814558,9.52097169204948,9.22840420971983,9.48753547668457,578200,0.0,0.0
2003-02-24,9.4875357131947,9.4875357131947,9.111377284484577,9.194968223571777,419900,0.0,0.0
2003-02-25,9.20332680724138,9.504252731130473,9.111376621499716,9.495893478393555,679400,0.0,0.0
2003-02-26,9.403942765652072,9.612919271555452,9.278557180982887,9.412302017211914,381800,0.0,0.0
2003-02-27,9.437378026207549,9.571122848994577,9.362146364094338,9.529327392578125,175600,0.0,0.0
2003-02-28,9.546047027086018,9.621278698128856,9.403942936712243,9.596200942993164,242300,0.0,0.0
2003-03-03,9.604557302117525,9.688148199697338,9.479171752929688,9.479171752929688,266600,0.0,0.0
2003-03-04,9.479176323219395,9.51261253893588,9.194968091038143,9.2701997756958,277200,0.0,0.0
2003-03-05,9.270196727375431,9.362146091064472,9.086297202815347,9.203324317932129,371000,0.0,0.0
2003-03-06,8.994348505029988,9.303633620898934,8.994348505029988,9.161529541015625,256000,0.0,0.0
2003-03-07,9.1030174297453,9.445738792419434,8.985990292439581,9.445738792419434,266700,0.0,0.0
2003-03-10,9.445740522742316,9.462458232744344,9.04450511932373,9.04450511932373,342300,0.0,0.0
2003-03-11,9.128635730086291,9.162289653416767,8.834163299164995,8.84257698059082,420400,0.07,0.0
2003-03-12,8.842578302129064,8.943540087209406,8.808924373768951,8.8341646194458,459400,0.0,0.0
2003-03-13,8.918301980509279,9.179119787261795,8.893060926405639,9.145465850830078,244200,0.0,0.0
2003-03-14,9.170702995656521,9.406281273241092,9.044500977386322,9.271665573120117,382000,0.0,0.0
2003-03-17,9.238009924024285,10.020464605876635,9.238009924024285,9.986810684204102,546800,0.0,0.0
2003-03-18,9.986809437477513,10.04570359245906,9.843780087631458,10.012049674987793,416800,0.0,0.0
2003-03-19,9.986812893339202,10.070948117318075,9.843783493998897,9.961572647094727,241400,0.0,0.0
2003-03-20,9.961570369132804,10.070945814344725,9.616617473972854,10.028878211975098,298300,0.0,0.0
2003-03-21,10.113015509393755,10.222390174865723,9.92791850208906,10.222390174865723,547300,0.0,0.0
2003-03-24,10.012054130456066,10.012054130456066,9.591379573674331,9.683928489685059,247600,0.0,0.0
2003-03-25,9.675510993450343,9.894261869349979,9.641857074263687,9.801712989807129,271800,0.0,0.0
2003-03-26,9.616618029338497,10.096186637878418,9.557723061670686,10.096186637878418,473600,0.0,0.0
2003-03-27,9.969981848253964,10.028875997141258,9.801711475937234,9.936327934265137,408000,0.0,0.0
2003-03-28,9.927921762920466,10.037297266689823,9.843786513136896,9.877440452575684,535100,0.0,0.0
2003-03-31,9.877434876298588,10.104599441045208,9.70075159339769,9.995223999023438,573000,0.0,0.0
2003-04-01,10.028881837111525,10.07094945468732,9.911092668373913,9.953160285949707,352900,0.0,0.0
2003-04-02,10.096186969785194,10.357005486215366,10.062533045314158,10.348591804504395,503300,0.0,0.0
2003-04-03,10.348591082979205,10.38224500510382,10.121426506858453,10.163494110107422,267600,0.0,0.0
2003-04-04,10.727201886337465,11.06374123241058,10.59258614790822,10.60099983215332,1827200,0.0,0.0
2003-04-07,10.609411432064116,10.979605470386181,10.36542023504989,10.466382026672363,776700,0.0,0.0
2003-04-08,10.46637938674984,10.609408756065463,10.39065866391168,10.483206748962402,246400,0.0,0.0
2003-04-09,10.558931243710315,10.760854832812232,10.41590183416987,10.441142082214355,251700,0.0,0.0
2003-04-10,10.441144650538313,10.567347526550293,10.390664142032094,10.567347526550293,538000,0.0,0.0
2003-04-11,10.609412049025886,10.617825732743617,10.34859427276059,10.415902137756348,229100,0.0,0.0
2003-04-14,10.43272502114578,10.65147590637207,10.43272502114578,10.65147590637207,359800,0.0,0.0
2003-04-15,10.651479135875263,10.844989839900585,10.533690779173156,10.643065452575684,302900,0.0,0.0
2003-04-16,10.727197281280853,10.945948163507804,10.634649201433795,10.735610961914062,393700,0.0,0.0
2003-04-17,10.735613540706593,10.979604721069336,10.575756779767554,10.979604721069336,414700,0.0,0.0
2003-04-21,11.021668438523418,11.17311066093775,10.945946926129924,11.080562591552734,588000,0.0,0.0
2003-04-22,11.088983101925482,11.299320409307237,10.954367353580864,11.215185165405273,437700,0.0,0.0
2003-04-23,11.14787583049715,11.6106180065773,11.1058082140584,11.602204322814941,731700,0.0,0.0
2003-04-24,11.484414620176377,11.694751890160362,11.257250785827637,11.257250785827637,1139500,0.0,0.0
2003-04-25,11.10580844806863,11.383453599092366,11.063740830743475,11.181529998779297,445700,0.0,0.0
2003-04-28,11.391868284102724,11.619032956197024,11.114223108680667,11.417108535766602,418000,0.0,0.0
2003-04-29,11.560135931964625,11.73681926727295,11.484414387922058,11.73681926727295,424600,0.0,0.0
2003-04-30,11.736820156608058,11.795715141088815,11.526482874939909,11.719993591308594,440500,0.0,0.0
2003-05-01,11.652684757474812,11.89667595184866,11.518068234395287,11.778886795043945,451600,0.0,0.0
2003-05-02,11.804124878586366,12.283694298672666,11.787298317768567,12.022875785827637,626600,0.0,0.0
2003-05-05,12.10701474692922,12.199562866024056,11.947157956597218,12.064947128295898,339800,0.0,0.0
2003-05-06,12.031289262892908,12.191145198622257,11.888259887695312,11.888259887695312,379700,0.0,0.0
2003-05-07,11.846195666781833,12.073360316648339,11.745233867632182,12.01446533203125,327200,0.0,0.0
2003-05-08,11.963981502424586,12.064943273462717,11.787298202514648,11.787298202514648,284000,0.0,0.0
2003-05-09,11.863019968218552,12.241626817763219,11.863019968218552,12.199559211730957,483900,0.0,0.0
2003-05-12,12.409897601008161,12.494032820947217,12.308935818505049,12.334176063537598,348500,0.0,0.0
2003-05-13,12.165905287379717,12.494031651583947,12.123837681347455,12.199559211730957,663900,0.0,0.0
2003-05-14,12.233215899234152,12.233215899234152,12.039705991099087,12.081772804260254,499000,0.0,0.0
2003-05-15,11.997636698479264,12.1406660898784,11.997636698479264,12.09859848022461,525800,0.0,0.0
2003-05-16,12.039702805970771,12.039702805970771,11.694749091747,11.77047061920166,516900,0.0,0.0
2003-05-19,11.68633771715689,11.736818207043186,11.551721205256623,11.560134887695312,521300,0.0,0.0
2003-05-20,11.568552733538858,11.736822431006601,11.375042782044257,11.476004600524902,522000,0.0,0.0
2003-05-21,11.534895406273943,11.736818983930757,11.442347300441146,11.703165054321289,570200,0.0,0.0
2003-05-22,11.728533189589841,11.99067091419406,11.728533189589841,11.855374336242676,580200,0.07,0.0
2003-05-23,11.990667176176252,12.10905124176259,11.838458170215572,12.024491310119629,880400,0.0,0.0
2003-05-27,11.93993334071018,11.956845814819063,11.76235639472268,11.846917152404785,770200,0.0,0.0
2003-05-28,11.923023411740106,11.956847558459216,11.78772601843239,11.880743026733398,408100,0.0,0.0
2003-05-29,11.965302990315543,11.973759228603138,11.796182256719987,11.880743026733398,383700,0.0,0.0
2003-05-30,11.923024033640184,12.134425163269043,11.796182872004083,12.134425163269043,621900,0.0,0.0
2003-06-02,12.049864578248878,12.320457770369075,11.973760041357242,12.092144966125488,642400,0.0,0.0
2003-06-03,12.092141245814457,12.092141245814457,11.838459803034642,11.8638277053833,762300,0.0,0.0
2003-06-04,11.906109284724339,12.041405852845795,11.872285142693976,12.00758171081543,708400,0.0,0.0
2003-06-05,12.007584241524713,12.30354615149047,11.897655555149754,12.252809524536133,743900,0.0,0.0
2003-06-06,12.17670458780766,12.514946874732557,12.049864234230386,12.1428804397583,796100,0.0,0.0
2003-06-09,11.90610941899245,11.99067017823755,11.314186523570243,11.415658950805664,993600,0.0,0.0
2003-06-10,11.821551666708814,11.821551666708814,11.407205615162216,11.576326370239258,1097600,0.0,0.0
2003-06-11,11.500220606995455,11.500220606995455,11.14506668075613,11.246539115905762,1620700,0.0,0.0
2003-06-12,11.288820839112892,11.331100420621542,11.001315168838657,11.161979675292969,691300,0.0,0.0
2003-06-13,11.246537049008676,11.441025645694403,10.942118993074732,11.263448715209961,1663300,0.0,0.0
2003-06-16,11.457939644427757,11.838461458596404,11.415659263646532,11.728532791137695,961700,0.0,0.0
2003-06-17,11.838461104614655,11.838461104614655,11.61860377627119,11.796180725097656,905500,0.0,0.0
2003-06-18,11.627060105044583,11.75390043816351,11.491763534669415,11.601692199707031,462900,0.0,0.0
2003-06-19,11.627061195920342,11.753901540939703,11.32264388401513,11.3818359375,1047300,0.0,0.0
2003-06-20,11.567867702165989,11.694708031392961,11.36492204639923,11.677796363830566,488400,0.0,0.0
2003-06-23,11.424114146873762,11.779268013046186,11.424114146873762,11.627058982849121,540500,0.0,0.0
2003-06-24,11.33110062884232,11.576325915682851,11.09433158103144,11.314188957214355,1486100,0.0,0.0
2003-06-25,11.305729519751209,11.415658176743435,11.178889195915394,11.373377799987793,1087900,0.0,0.0
2003-06-26,11.297276271555827,11.373380808561516,11.052050989221566,11.161979675292969,1375200,0.0,0.0
2003-06-27,11.246539889184534,11.457941011889389,11.246539889184534,11.280364036560059,684800,0.0,0.0
2003-06-30,11.441027136788472,11.627060327834558,11.170433990853212,11.178890228271484,2160800,0.0,0.0
2003-07-01,11.178888935129098,11.669339358618428,10.933663723384432,11.627058982849121,3421600,0.0,0.0
2003-07-02,11.584782389895635,11.686254841017435,11.5509582395217,11.643975257873535,1556100,0.0,0.0
2003-07-03,11.567869736292595,11.618605554332454,11.449484816814111,11.457941055297852,230000,0.0,0.0
2003-07-07,11.542500571243508,11.973759039940575,11.542500571243508,11.923023223876953,951400,0.0,0.0
2003-07-08,11.880741539478755,12.176702584614173,11.855373634222843,11.990670204162598,1019800,0.0,0.0
2003-07-09,11.965300978115188,12.117510015969883,11.88074102875346,12.083685874938965,912400,0.0,0.0
2003-07-10,11.939933426754703,12.049862089961175,11.889197616924735,12.00758171081543,925400,0.0,0.0
2003-07-11,11.939935543152673,12.168249147150433,11.939935543152673,12.151336669921875,673600,0.0,0.0
2003-07-14,12.235897253048467,12.388105513583593,12.125968572065087,12.19361686706543,828600,0.0,0.0
2003-07-15,12.176701798775825,12.176701798775825,11.863828299374028,11.948389053344727,808800,0.0,0.0
2003-07-16,11.956847988859819,12.218984933761035,11.855375545049867,11.965303421020508,575700,0.0,0.0
2003-07-17,12.049865339966654,12.134426121065285,11.779272130741232,11.931480407714844,712900,0.0,0.0
2003-07-18,12.599502484323066,13.208337745087828,12.42192556686797,12.827816009521484,2856300,0.0,0.0
2003-07-21,12.675609447672203,12.802450588380967,12.328911781311037,12.328911781311035,1772700,0.0,0.0
2003-07-22,12.430382905900865,12.887009190397432,12.421926669454555,12.777080535888672,977300,0.0,0.0
2003-07-23,12.870100021362305,12.97157245911535,12.74325886934756,12.870100021362305,638700,0.0,0.0
2003-07-24,12.870099961591064,13.098412743867275,12.700979232788086,12.700979232788086,451400,0.0,0.0
2003-07-25,12.70097982574296,12.84473184711323,12.684067348857468,12.768628120422363,540800,0.0,0.0
2003-07-28,12.684072097030622,12.920841217041016,12.5741433754179,12.920841217041016,524500,0.0,0.0
2003-07-29,12.810906058166387,13.09841167692813,12.75171400951468,12.878554344177246,444700,0.0,0.0
2003-07-30,12.853187545187838,13.022308274776247,12.74325886934756,12.870100021362305,350400,0.0,0.0
2003-07-31,12.878555334850935,13.149149306140801,12.870099903272536,13.073044776916504,776900,0.0,0.0
2003-08-01,12.895468930688658,13.157606686732436,12.861644782144104,13.03922176361084,452100,0.0,0.0
2003-08-04,12.937748141622922,12.996940194586074,12.692522885363987,12.895467758178711,424100,0.0,0.0
2003-08-05,12.810904675242822,12.895465426843744,12.734800966519305,12.777080535888672,275900,0.0,0.0
2003-08-06,12.684065490064492,12.810905822392671,12.261263307062343,12.379648208618164,515200,0.0,0.0
2003-08-07,12.244352727415759,12.489578805678597,12.125968613971676,12.371193885803223,299000,0.0,0.0
2003-08-08,12.472663450415261,12.79399318184176,12.413471407352601,12.743256568908691,322400,0.0,0.0
2003-08-11,12.743257867882978,12.853186535084204,12.421928103701974,12.684065818786621,286400,0.0,0.0
2003-08-12,12.684066655077396,12.895467765995354,12.650242509587773,12.887011528015137,450300,0.0,0.0
2003-08-13,12.903920517920957,12.996936691280856,12.650239092066387,12.827816009521484,472800,0.0,0.0
2003-08-14,12.836273979766014,12.861641883850096,12.684064942399262,12.861641883850098,169800,0.0,0.0
2003-08-15,12.946204371760901,13.047676808106836,12.819363221505053,12.903923988342285,147700,0.0,0.0
2003-08-18,12.929291590002173,13.191429315852211,12.88701120758362,13.157605171203613,329300,0.0,0.0
2003-08-19,13.089955315663952,13.216796455557063,12.895466696831487,13.106867790222168,469400,0.0,0.0
2003-08-20,12.895473298647799,13.08996201704844,12.861649138646314,12.920841217041016,546200,0.0,0.0
2003-08-21,12.963116196184401,13.445110476195442,12.903924142549712,13.436655044555664,956000,0.0,0.0
2003-08-22,13.377462040830299,13.411286186319922,12.777082853566052,12.887011528015137,458000,0.0,0.0
2003-08-25,12.870099244584226,12.963115438636024,12.726346431502503,12.836275100708008,182100,0.0,0.0
2003-08-26,12.844736655429779,12.980034101867304,12.599511293811117,12.920841217041016,210100,0.0,0.0
2003-08-27,12.87855182195651,12.91237676476862,12.785535648516277,12.810903549194336,222300,0.0,0.0
2003-08-28,12.819359665655218,12.853183801721682,12.531854105874764,12.658695220947266,666100,0.0,0.0
2003-08-29,12.743658874688398,12.828616924607658,12.582239552105817,12.769145965576172,347100,0.07,0.0
2003-09-02,12.743656286043828,13.0070255391188,12.573741030940548,12.973042488098145,553700,0.0,0.0
2003-09-03,12.760644760415213,13.125962257385254,12.760644760415213,13.125962257385254,646100,0.0,0.0
2003-09-04,12.956047550324472,13.363844067921052,12.871089537382021,13.168441772460938,672300,0.0,0.0
2003-09-05,13.210921287536621,13.644204901608967,13.20242532387136,13.210921287536621,510200,0.0,0.0
2003-09-08,13.244906559936346,13.397830690756031,13.12596547927439,13.193931579589844,253300,0.0,0.0
2003-09-09,13.108972707575443,13.168442835303276,12.820116412520733,12.888082504272461,457500,0.0,0.0
2003-09-10,12.888085073384328,12.981538265616992,12.650203704833984,12.650203704833984,326100,0.0,0.0
2003-09-11,12.650202700676868,12.905075170210837,12.650202700676868,12.820117950439453,241100,0.0,0.0
2003-09-12,12.743656897066648,12.786135915434182,12.548254546883838,12.650203704833984,502100,0.0,0.0
2003-09-15,12.726662664886675,13.041006857846874,12.701175582561703,13.007023811340332,494400,0.0,0.0
2003-09-16,12.98154046567057,13.338362984078715,12.964549341575907,13.287388801574707,331600,0.0,0.0
2003-09-17,13.202432908151756,13.202432908151756,12.964551460408705,12.981542587280273,196700,0.0,0.0
2003-09-18,12.99852593283227,13.253399149205379,12.939055002539455,13.176937103271484,188900,0.0,0.0
2003-09-19,13.168445764314427,13.253403803010869,13.024017584662419,13.202428817749023,209300,0.0,0.0
2003-09-22,13.066491389418141,13.219415473954632,12.879584265009052,13.185432434082031,247300,0.0,0.0
2003-09-23,13.244908714784096,13.48279010458971,13.168446636934444,13.397832870483398,320600,0.0,0.0
2003-09-24,13.40632786198876,13.40632786198876,12.947556210748687,13.024018287658691,227400,0.0,0.0
2003-09-25,13.03251100359571,13.03251100359571,12.59073058506445,12.701175689697266,373100,0.0,0.0
2003-09-26,12.641707661424961,12.735160853083293,12.488783520329617,12.505775451660156,209200,0.0,0.0
2003-09-29,12.59072805658357,12.607719981677706,12.097973571927774,12.514266014099121,515700,0.0,0.0
2003-09-30,12.36134592544452,12.446303142153885,12.06399364141226,12.123464584350586,736400,0.0,0.0
2003-10-01,12.140456933632821,12.735160751730843,12.123465812657384,12.616220474243164,654100,0.0,0.0
2003-10-02,12.658699035644531,12.735161107721051,12.488783770041094,12.658699035644531,268800,0.0,0.0
2003-10-03,12.82861084404776,13.159945299201528,12.777635876213536,13.125962257385254,410800,0.0,0.0
2003-10-06,13.066494580247907,13.227913856506348,12.922066422965198,13.227913856506348,320300,0.0,0.0
2003-10-07,13.125966744966206,13.210924783662648,12.947555511879601,13.202428817749023,237100,0.0,0.0
2003-10-08,13.125964083493766,13.304375280405011,13.083485072758759,13.236409187316895,236900,0.0,0.0
2003-10-09,13.312876406421319,13.593236851669396,13.202431259775098,13.389338493347168,348900,0.0,0.0
2003-10-10,13.338363883024796,13.695187235701262,13.338363883024796,13.576245307922363,303200,0.0,0.0
2003-10-13,13.567745961296769,14.018021579097125,13.567745961296769,13.992533683776855,339800,0.0,0.0
2003-10-14,13.90757942199707,14.009527778147573,13.771645579729894,13.90757942199707,274200,0.0,0.0
2003-10-15,13.924565809269485,13.933061773293794,13.5762393864701,13.763147354125977,263100,0.0,0.0
2003-10-16,13.797132132152026,13.916072409530313,13.652703958004214,13.703678131103516,213400,0.0,0.0
2003-10-17,13.763149537391016,13.873593846348037,13.59323347082976,13.686687469482422,305300,0.0,0.0
2003-10-20,13.627214586310751,13.967045030514642,13.627214586310751,13.805624961853027,311000,0.0,0.0
2003-10-21,13.72066962283478,13.763149449423436,13.431814094010553,13.51677131652832,380100,0.0,0.0
2003-10-22,13.431811995308923,13.516769204552247,13.253400802612305,13.253400802612305,372900,0.0,0.0
2003-10-23,13.168441262210504,13.193928341017802,12.913568043478634,13.125962257385254,598500,0.0,0.0
2003-10-24,13.041012900848942,13.125970151373297,12.743660498463417,12.90507984161377,643500,0.0,0.0
2003-10-27,12.913569068443355,13.542255797053826,12.913569068443355,13.440306663513184,496000,0.0,0.0
2003-10-28,13.380836361495518,13.52526450132606,13.253400148807243,13.431811332702637,333900,0.0,0.0
2003-10-29,13.550754222454529,13.907577469999124,13.50827520654066,13.822619438171387,397700,0.0,0.0
2003-10-30,13.933061287570599,14.035011231868749,13.805625072527455,13.950053215026855,397200,0.0,0.0
2003-10-31,14.001027264715344,14.018019192035382,13.737658873012249,13.805624961853027,365300,0.0,0.0
2003-11-03,13.890588861688778,14.29838556746502,13.839614678576766,14.179445266723633,492500,0.0,0.0
2003-11-04,14.060498078121496,14.519270415582014,14.035011806333328,14.281388282775879,447000,0.0,0.0
2003-11-05,14.162447978190679,14.24740599821962,13.958549702384891,14.221918106079102,312300,0.0,0.0
2003-11-06,14.221919465625863,14.42581776092334,14.102979198478902,14.349355697631836,359800,0.0,0.0
2003-11-07,14.34936268883855,14.442816727380173,14.255910270737324,14.357858657836914,273300,0.0,0.0
2003-11-10,14.187935832704687,14.187935832704687,13.720667534004438,13.763147354125977,647600,0.0,0.0
2003-11-11,13.771642474981086,14.077490715360428,13.771642474981086,13.958550453186035,265200,0.0,0.0
2003-11-12,13.958549131507878,14.289883613586426,13.941557204109136,14.289883613586426,336900,0.0,0.0
2003-11-13,14.204927091583881,14.340859284196966,14.136960995277338,14.187936782836914,144600,0.0,0.0
2003-11-14,14.187938650384526,14.400332931854715,14.018022577032466,14.102980613708496,212700,0.0,0.0
2003-11-17,13.975542382193673,13.975542382193673,13.644206248302874,13.958550453186035,437700,0.0,0.0
2003-11-18,13.907574378489143,13.907574378489143,13.015517673252392,13.168441772460938,1414100,0.0,0.0
2003-11-19,13.176939355721972,13.720668112694693,13.176939355721972,13.669693946838379,570700,0.0,0.0
2003-11-20,13.508274808839115,13.678190867492036,13.21941929161274,13.41482162475586,588200,0.0,0.0
2003-11-21,13.483090344694599,13.867102244072619,13.483090344694599,13.73909854888916,307200,0.07,0.0
2003-11-24,13.807368377092642,14.080443382263182,13.747633423168514,14.080443382263184,219400,0.0,0.0
2003-11-25,14.029246347454597,14.080447519052957,13.89270880475504,14.071913719177246,267400,0.0,0.0
2003-11-26,14.071908575994465,14.0889761695078,13.679363691119585,13.918303489685059,183500,0.0,0.0
2003-11-28,14.063372572516483,14.088973958769303,13.995103836830676,14.020705223083496,104000,0.0,0.0
2003-12-01,14.080446927436723,14.609531103908973,13.9353755909569,14.566862106323242,689200,0.0,0.0
2003-12-02,14.575388867963364,14.652191398876953,14.379116456808655,14.507120132446289,419200,0.0,0.0
2003-12-03,14.566858880301043,14.703396387025697,14.404719980694715,14.438855171203613,381100,0.0,0.0
2003-12-04,14.285248608619701,14.379118745265886,13.730564840807876,13.943904876708984,428300,0.0,0.0
2003-12-05,13.952440547865367,13.960974345766497,13.764700249351549,13.781767845153809,327000,0.0,0.0
2003-12-08,13.790301316863115,13.978039983280693,13.704964967525857,13.815902709960938,371000,0.0,0.0
2003-12-09,13.901238201254037,13.952439356633842,13.602560997009277,13.602560997009277,628700,0.0,0.0
2003-12-10,13.585494360922924,13.730565659087485,13.397754890269782,13.576960563659668,374900,0.0,0.0
2003-12-11,13.57696115242625,13.57696115242625,13.36362109455952,13.448957443237305,606000,0.0,0.0
2003-12-12,13.525759263939568,13.645229169044242,13.338019795282333,13.602560997009277,374000,0.0,0.0
2003-12-15,13.687899027512172,13.892705289743201,13.431889978981769,13.858570098876953,762400,0.0,0.0
2003-12-16,13.858570098876953,13.901239087459764,13.414823197376387,13.858570098876953,382200,0.0,0.0
2003-12-17,13.773234378817815,13.935373287531437,13.568428107226927,13.867104530334473,376600,0.0,0.0
2003-12-18,13.841504435708119,14.20844965046815,13.764701873192964,14.088979721069336,467200,0.0,0.0
2003-12-19,14.097512573711338,14.165781332736223,13.611096648374282,14.063377380371094,787000,0.0,0.0
2003-12-22,14.020705302815315,14.157242774963379,13.764696321796404,14.157242774963379,387100,0.0,0.0
2003-12-23,14.054839172549615,14.12310791015625,13.943903084309495,14.12310791015625,357900,0.0,0.0
2003-12-24,14.123112026781241,14.123112026781241,14.03777730064078,14.046309471130371,118400,0.0,0.0
2003-12-26,14.037777329743857,14.268183369518573,14.037777329743857,14.20844841003418,100100,0.0,0.0
2003-12-29,14.174309315997519,14.507119176250148,14.174309315997519,14.481517791748047,309100,0.0,0.0
2003-12-30,14.336447479826079,14.575388867963364,14.251112781171019,14.507120132446289,256100,0.0,0.0
2003-12-31,14.421787232511456,14.549790938560628,14.336450885926864,14.379119873046875,354700,0.0,0.0
2004-01-02,14.379121795471631,14.635129241797037,14.30231923604288,14.44739055633545,332800,0.0,0.0
2004-01-05,14.53272425427711,15.027673086858876,14.53272425427711,15.019139289855957,665300,0.0,0.0
2004-01-06,14.925267819397144,14.993536561676715,14.737529185042128,14.891134262084961,470400,0.0,0.0
2004-01-07,14.763128734854787,15.078872680664062,14.720461381911319,15.078872680664062,379200,0.0,0.0
2004-01-08,15.104477966356333,15.351951607062158,15.010607812473639,15.326350212097168,388000,0.0,0.0
2004-01-09,15.232471710459691,15.394610517078954,15.070332903840429,15.130067825317383,518300,0.0,0.0
2004-01-12,15.019140649096663,15.31781706060776,15.019140649096663,15.283681869506836,365700,0.0,0.0
2004-01-13,15.172744832341708,15.351949691772461,15.155677237827714,15.351949691772461,289600,0.0,0.0
2004-01-14,15.360484520628383,15.65916093406059,15.360484520628383,15.650627136230469,646300,0.0,0.0
2004-01-15,15.812769580072393,15.829835551898093,15.488491700546023,15.79570198059082,346400,0.0,0.0
2004-01-16,15.795697310994989,16.256510967178485,15.701827169252535,16.09437370300293,591700,0.0,0.0
2004-01-20,15.957836181661115,16.179708398412913,15.829830851216492,16.000503540039062,662100,0.0,0.0
2004-01-21,15.8725004196167,15.983436532062878,15.72742911709142,15.8725004196167,501700,0.0,0.0
2004-01-22,15.74450112251875,15.98344100938308,15.74450112251875,15.881038665771484,316900,0.0,0.0
2004-01-23,15.488485959427635,16.418648626863472,15.403149621307277,16.213842391967773,697600,0.0,0.0
2004-01-26,16.21384562556573,16.427185699586335,16.10290950324348,16.410118103027344,313100,0.0,0.0
2004-01-27,16.256509718694957,16.290644904945353,16.094372466971375,16.119972229003906,414700,0.0,0.0
2004-01-28,16.11996604140153,16.179700966755377,15.531148953495338,15.54821491241455,401300,0.0,0.0
2004-01-29,15.539690717605783,15.957838708671552,15.454355987336667,15.915169715881348,372800,0.0,0.0
2004-01-30,15.744497183436327,15.744497183436327,15.283681869506836,15.283681869506836,587900,0.0,0.0
2004-02-02,15.09593764464665,15.531151405049505,15.09593764464665,15.445815086364746,459200,0.0,0.0
2004-02-03,15.454359686632353,15.539694437327967,15.386090909482238,15.394624710083008,341400,0.0,0.0
2004-02-04,15.40314829621514,15.462884867119099,15.095939784127564,15.343413352966309,489900,0.0,0.0
2004-02-05,15.343424435446396,15.573832206675826,15.189819254626777,15.556764602661133,291600,0.0,0.0
2004-02-06,15.556756741495395,15.872500745589704,15.479954189895576,15.83836555480957,169000,0.0,0.0
2004-02-09,15.838362942020693,15.932233073525213,15.735960641884137,15.744494438171387,286300,0.0,0.0
2004-02-10,15.889569975467037,16.171178817749023,15.855434781175573,16.171178817749023,250300,0.0,0.0
2004-02-11,16.085837084085767,16.17117341364095,15.889564665467416,16.162639617919922,234400,0.0,0.0
2004-02-12,16.026109077548348,16.094377845207152,15.821302774571938,15.898103713989258,158400,0.0,0.0
2004-02-13,15.881032435872202,16.119972229003906,15.881032435872202,16.119972229003906,268000,0.0,0.0
2004-02-17,16.12850891856203,16.3674503822083,16.026106596753316,16.282114028930664,387000,0.0,0.0
2004-02-18,16.17971324370882,16.350385983642308,16.026109730955735,16.1114444732666,286800,0.0,0.0
2004-02-19,15.957834495989607,16.222375670830505,15.81276321411133,15.812763214111328,420800,0.0,0.0
2004-02-20,15.846899027057374,16.00050412710243,15.522622859583162,15.8725004196167,325800,0.0,0.0
2004-02-23,15.761558769589618,15.829827505157137,15.377547742392963,15.616487503051758,271200,0.0,0.0
2004-02-24,15.607956952885836,15.974900427306242,15.44581807873854,15.744494438171387,319900,0.0,0.0
2004-02-25,15.770093635386518,15.846896171569824,15.488484878599442,15.846896171569824,164100,0.0,0.0
2004-02-26,15.838369391497725,16.1114444732666,15.659164479457854,16.1114444732666,299100,0.0,0.0
2004-02-27,16.026102027684598,16.034635823344917,15.744493281514417,15.932231903076172,434800,0.0,0.0
2004-03-01,15.812771785622568,16.043177900137117,15.795704183760424,16.017578125,395800,0.0,0.0
2004-03-02,16.102914506654624,16.145581883653882,15.872506764483974,16.017578125,273400,0.0,0.0
2004-03-03,15.93223323842126,16.145573264844867,15.590889521674534,16.085838317871094,298800,0.0,0.0
2004-03-04,16.094374997160156,16.17117755064237,15.855433538809315,16.154109954833984,161000,0.0,0.0
2004-03-05,16.08583869861487,16.25650974720032,15.983434767339388,16.213842391967773,274900,0.0,0.0
2004-03-08,16.145574108998737,16.230910449560945,15.787162780761719,15.787162780761719,207800,0.0,0.0
2004-03-09,15.915169715881348,15.923703514439389,15.590893508954029,15.915169715881348,288400,0.0,0.0
2004-03-10,15.889475516436706,16.077923179710165,15.478319651857083,15.632503509521484,378400,0.07,0.0
2004-03-11,15.632499716912186,15.632499716912186,14.895844412919578,14.904410362243652,685500,0.0,0.0
2004-03-12,14.990058924581405,15.435478210449219,14.8958351742437,15.435478210449219,332200,0.0,0.0
2004-03-15,15.41835141798621,15.426917364828457,14.861577943538613,14.87014389038086,255900,0.0,0.0
2004-03-16,14.767353997282632,15.12711559170614,14.7502221037893,14.981497764587402,403700,0.0,0.0
2004-03-17,15.161375734358144,15.52970155320668,15.15280978967047,15.29842758178711,360500,0.0,0.0
2004-03-18,15.247043097623845,15.247043097623845,14.750229377825892,15.024334907531738,674400,0.0,0.0
2004-03-19,15.024329008368463,15.461180899843987,14.921539270864695,15.135683059692383,445400,0.0,0.0
2004-03-22,15.13568460734238,15.13568460734238,14.835882945570889,15.075724601745605,418100,0.0,0.0
2004-03-23,15.084281838023857,15.31555577835094,14.861572207446166,15.1870698928833,316900,0.0,0.0
2004-03-24,15.178512984578507,15.401222747727433,15.135684875190794,15.152816772460938,354700,0.0,0.0
2004-03-25,15.289860685173513,15.649622170723012,15.247030964401672,15.606792449951172,508900,0.0,0.0
2004-03-26,15.57254635275387,15.726730238826836,15.332704570663871,15.444060325622559,497700,0.0,0.0
2004-03-29,15.504015698789791,15.86377744680725,15.452621630155292,15.812381744384766,273700,0.0,0.0
2004-03-30,15.812383234862903,16.13788284573501,15.7010291366939,16.077922821044922,408800,0.0,0.0
2004-03-31,16.03508184487397,16.334883392334525,15.97512186213926,16.25779151916504,414800,0.0,0.0
2004-04-01,16.172142028808594,16.37772155231742,16.043656051956454,16.172142028808594,399900,0.0,0.0
2004-04-02,16.274931461266533,16.274931461266533,16.11218168919328,16.23210334777832,601500,0.0,0.0
2004-04-05,16.274927152427995,17.13150226571368,16.274927152427995,16.900226593017578,1162600,0.0,0.0
2004-04-06,16.617559990376495,17.131505481581474,16.60899404158118,16.9687557220459,635200,0.0,0.0
2004-04-07,16.917361663061705,17.131505481581474,16.78887569870738,16.9687557220459,236100,0.0,0.0
2004-04-08,17.122940744500088,17.122940744500088,16.746047139773673,16.84883689880371,218400,0.0,0.0
2004-04-12,16.746042569501935,17.131502018431586,16.64325447231226,16.737478256225586,342200,0.0,0.0
2004-04-13,16.95162041006193,16.95162041006193,16.31775345827541,16.46337127685547,294100,0.0,0.0
2004-04-14,16.232101655899537,16.574731429456197,16.103614061251612,16.39484977722168,387600,0.0,0.0
2004-04-15,16.566167313594864,16.617561376867133,16.266365615895616,16.411983489990234,384900,0.0,0.0
2004-04-16,16.317767905629847,16.531911849975586,16.274939770276156,16.531911849975586,358700,0.0,0.0
2004-04-19,16.446244783433738,16.59186263535223,16.394849094200694,16.471940994262695,409900,0.0,0.0
2004-04-20,16.446246623225278,16.64325855262837,16.129313039317378,16.283496856689453,491400,0.0,0.0
2004-04-21,16.266356601623077,16.463368429812576,16.12930475298804,16.37771224975586,428700,0.0,0.0
2004-04-22,16.446245031617106,17.08867645263672,16.360587182056975,17.08867645263672,436700,0.0,0.0
2004-04-23,16.788870518711263,16.788870518711263,15.101416703794154,15.426916122436523,2645600,0.0,0.0
2004-04-26,15.426919073621693,15.71815476336816,15.21277528020738,15.40978717803955,906600,0.0,0.0
2004-04-27,15.33269706102241,15.495446820364421,15.135685140327576,15.22990894317627,769600,0.0,0.0
2004-04-28,15.075721998587275,15.195641989073973,14.912972273078658,14.947236061096191,926700,0.0,0.0
2004-04-29,14.818750520536865,14.938672161244616,14.356200755425007,14.715962409973145,795400,0.0,0.0
2004-04-30,14.775920062532263,14.835880056452513,14.433290358854192,14.536078453063965,725300,0.0,0.0
2004-05-03,14.544643782904842,14.561775675808846,14.184882200856899,14.390460014343262,885200,0.0,0.0
2004-05-04,14.51895174871256,14.561779859490098,14.23628196973279,14.3818998336792,547400,0.0,0.0
2004-05-05,14.381904227483213,14.544652405189083,14.304812297501192,14.518956184387207,353800,0.0,0.0
2004-05-06,14.433293590603174,14.433293590603174,14.133491920086236,14.18488597869873,574300,0.0,0.0
2004-05-07,14.005002690537328,14.313368604085566,13.568149209741096,13.610978126525879,725000,0.0,0.0
2004-05-10,13.576718757186121,13.688072826707899,13.285483026082742,13.422534942626953,500400,0.0,0.0
2004-05-11,13.662374455295605,13.730901223734055,13.465362548828125,13.465362548828125,398300,0.0,0.0
2004-05-12,13.448232935982446,13.68807380711337,13.165563133640381,13.619547843933105,536800,0.0,0.0
2004-05-13,13.645242450024297,13.679505423471882,13.311177846240035,13.35400676727295,438000,0.0,0.0
2004-05-14,13.491063136428043,13.696641045309532,13.15699842182513,13.585286140441895,648100,0.0,0.0
2004-05-17,13.491058981413286,13.491058981413286,13.148429238801556,13.319744110107422,812800,0.0,0.0
2004-05-18,13.276916496166345,13.473928413355264,13.268350547533657,13.379705429077148,410500,0.0,0.0
2004-05-19,13.37970465403849,13.748031438076218,13.37970465403849,13.576717376708984,638200,0.0,0.0
2004-05-20,13.576716115493781,13.756596108287479,13.508190170555126,13.713768005371094,669700,0.0,0.0
2004-05-21,13.70520418456409,14.005005852858961,13.69663823589422,13.79942798614502,444400,0.0,0.0
2004-05-24,14.013574998897342,14.039271216982208,13.610984305389511,13.748035430908203,319300,0.0,0.0
2004-05-25,13.756595634183086,13.962173461914062,13.628109696074644,13.962173461914062,689400,0.0,0.0
2004-05-26,13.893649281726804,14.09066282119047,13.867953071117995,13.987873077392578,693300,0.0,0.0
2004-05-27,14.047835434813694,14.047835434813694,13.773731583798844,13.833691596984863,803400,0.0,0.0
2004-05-28,13.84225550116221,13.970741458116313,13.790861445138084,13.859387397766113,509900,0.0,0.0
2004-06-01,13.893648474545728,14.133490106948337,13.885082526911265,14.090662002563477,552900,0.0,0.0
2004-06-02,14.099227044079543,14.099227044079543,13.970741090506271,14.0050048828125,526500,0.0,0.0
2004-06-03,13.936480614957802,14.013572523168897,13.919348716735838,13.91934871673584,609500,0.0,0.0
2004-06-04,13.927911447281788,13.98787144341492,13.422532003034881,13.542452812194824,1090600,0.0,0.0
2004-06-07,13.7052044908154,13.799428294501816,13.35400875644127,13.439665794372559,1752600,0.0,0.0
2004-06-08,13.336878955046895,13.610983643435565,13.276918937380923,13.525325775146484,1621600,0.0,0.0
2004-06-09,13.611360080306914,13.766230435273751,13.095126931302913,13.103730201721191,1723400,0.07,0.0
2004-06-10,13.103731113529866,13.129543388174643,12.905841931107918,13.112335205078125,954200,0.0,0.0
2004-06-14,13.034898954242937,13.086522678771567,12.802594245192267,12.905840873718262,776500,0.0,0.0
2004-06-15,12.983278360667963,13.129544648907897,12.785388338712764,12.854219436645508,1075800,0.0,0.0
2004-06-16,9.774024127517132,10.539771054632753,9.670777489119184,10.204218864440918,9717800,0.0,0.0
2004-06-17,10.281655957790939,10.367695249366694,10.195617486746679,10.316071510314941,2666100,0.0,0.0
2004-06-18,10.316066957384127,10.367690673652078,10.1181778228411,10.178404808044434,1115000,0.0,0.0
2004-06-21,10.092367603132413,10.15259542109277,9.670776980066416,9.713796615600586,1497700,0.0,0.0
2004-06-22,9.791233330908856,9.84285624522028,9.412661463478404,9.541720390319824,2946800,0.0,0.0
2004-06-23,9.541721058360379,9.842856934344136,9.541721058360379,9.791234016418457,1227700,0.0,0.0
2004-06-24,9.765422173087469,9.765422173087469,9.687986978715323,9.731006622314453,1164800,0.0,0.0
2004-06-25,9.644966209767476,9.739608758217766,9.576135116252475,9.627758026123047,1319700,0.0,0.0
2004-06-28,9.636363248921684,9.644967341753722,9.533116596531586,9.619155883789062,872800,0.0,0.0
2004-06-29,9.636366844177246,9.696594695940616,9.584743908987798,9.636366844177246,1468300,0.0,0.0
2004-06-30,9.72240131753077,9.834252048733044,9.593342402821367,9.756816864013672,903400,0.0,0.0
2004-07-01,9.842857317023169,9.894481057487406,9.636363996229257,9.851461410522461,1183100,0.0,0.0
2004-07-02,9.842858954055094,9.894482703105224,9.799840120466918,9.877274513244629,1160200,0.0,0.0
2004-07-06,9.825648035377197,9.868667673956914,9.550323661317188,9.627758026123047,725500,0.0,0.0
2004-07-07,9.610553165518002,9.722403926737728,9.447078660453952,9.455682754516602,1244600,0.0,0.0
2004-07-08,9.45567981009208,9.593341990101258,9.352433175085197,9.472887992858887,1227300,0.0,0.0
2004-07-09,9.464281743727843,9.524508728617969,9.429866206571896,9.498697280883789,1023600,0.0,0.0
2004-07-12,9.498699446477778,9.498699446477778,9.335225812849709,9.472887992858887,718200,0.0,0.0
2004-07-13,9.412661163652128,9.498700445472423,9.378245615030291,9.464284896850586,973000,0.0,0.0
2004-07-14,9.464284896850586,9.490096353184112,9.412661163652128,9.464284896850586,1104500,0.0,0.0
2004-07-15,9.455680804562276,9.472888989138896,9.412661163652128,9.464284896850586,1122700,0.0,0.0
2004-07-16,9.507303610374487,9.507303610374487,9.309413609703476,9.343829154968262,568700,0.0,0.0
2004-07-19,9.335226492385793,9.464284590406052,9.077109475813899,9.386849403381348,1054100,0.0,0.0
2004-07-20,9.386850052225428,9.438473787320728,9.231979667470963,9.421265602111816,920100,0.0,0.0
2004-07-21,9.464283906965607,9.49009536059947,9.128731727600098,9.128731727600098,754000,0.0,0.0
2004-07-22,9.128730989088265,9.163146531326316,8.836199290330459,9.111523628234863,929200,0.0,0.0
2004-07-23,9.04269352291376,9.21477125273682,8.930842793395936,8.991069793701172,1066700,0.0,0.0
2004-07-26,8.948051317945726,9.120129890643158,8.92223986025369,9.085714340209961,806700,0.0,0.0
2004-07-27,9.077113733925971,9.4298734664917,9.077113733925971,9.4298734664917,737000,0.0,0.0
2004-07-28,9.378245311371629,9.404057587400782,9.266395397370806,9.386849403381348,819000,0.0,0.0
2004-07-29,9.300809433632635,9.584737859568085,9.300809433632635,9.567529678344727,449000,0.0,0.0
2004-07-30,9.515908630049042,9.584739727292716,9.421265255940439,9.464284896850586,416900,0.0,0.0
2004-08-02,9.309414517786617,9.507304537760733,9.292207153741401,9.464284896850586,477900,0.0,0.0
2004-08-03,9.378245926923917,9.49870076137203,9.085714164175235,9.094317436218262,826000,0.0,0.0
2004-08-04,9.094314925466925,9.438471148647972,9.06850347540099,9.283600807189941,596100,0.0,0.0
2004-08-05,9.369642213280743,9.369642213280743,9.24058329234084,9.266395568847656,775500,0.0,0.0
2004-08-06,9.180359754351255,9.300814628601074,9.145944193212976,9.300814628601074,1042700,0.0,0.0
2004-08-09,9.309415477815971,9.386850675333426,9.197564728127592,9.240584373474121,688900,0.0,0.0
2004-08-10,9.326623291751394,9.636363248921684,9.300811833786733,9.619155883789062,574000,0.0,0.0
2004-08-11,9.619155275914553,9.619155275914553,9.292207153741401,9.464284896850586,878800,0.0,0.0
2004-08-12,9.378244926736246,9.524511202777038,9.378244926736246,9.438472747802734,538800,0.0,0.0
2004-08-13,9.447075420662665,9.60194577855264,9.4212639678581,9.507303237915039,477300,0.0,0.0
2004-08-16,9.507303987911026,9.81704390759392,9.507303987911026,9.748212814331055,499700,0.0,0.0
2004-08-17,9.748213162397153,9.877271261740287,9.696590250872452,9.817044258117676,485100,0.0,0.0
2004-08-18,9.774027835676026,9.894482703105224,9.748216371416788,9.877274513244629,575700,0.0,0.0
2004-08-19,9.808443670908993,10.006333757216867,9.774028110750885,9.954710006713867,574700,0.0,0.0
2004-08-20,10.02353447977171,10.230028524312385,9.937496046699968,10.178404808044434,451500,0.0,0.0
2004-08-23,10.152597798103898,10.367695205603846,10.14399370487634,10.324675559997559,768600,0.0,0.0
2004-08-24,10.324673686170861,10.445128507900804,10.152595955507616,10.204218864440918,731000,0.0,0.0
2004-08-25,10.178409171541828,10.393506577230424,10.100973974208896,10.341883659362793,598600,0.0,0.0
2004-08-26,10.341885299058763,10.410716414149702,10.28165745795548,10.367696762084961,569200,0.0,0.0
2004-08-27,10.393504537661148,10.496751173667292,10.350484900859088,10.453731536865234,402500,0.0,0.0
2004-08-30,10.324675559997559,10.45373367628493,10.221428902861362,10.324675559997559,339700,0.0,0.0
2004-08-31,10.436524693164017,10.496751695361418,10.23863468225184,10.402109146118164,381200,0.0,0.0
2004-09-01,10.470941543579102,10.668830758592149,10.384902254989056,10.470941543579102,442800,0.0,0.0
2004-09-02,10.479545417016412,10.522564239878799,10.384902037443682,10.48814868927002,424700,0.0,0.0
2004-09-03,10.514107808118663,10.600644007677234,10.45353296358988,10.55737590789795,403100,0.07,0.0
2004-09-07,10.730447973114497,10.825637962041947,10.617952063915437,10.816984176635742,646500,0.0,0.0
2004-09-08,10.903521784232922,10.94678906629479,10.444881001888467,10.470842361450195,677200,0.0,0.0
2004-09-09,10.470843172980945,10.669875326756918,10.410267487912572,10.61795425415039,614900,0.0,0.0
2004-09-10,10.617954066522158,10.669875138211196,10.470842987952292,10.531417846679688,411700,0.0,0.0
2004-09-13,10.540071308149596,10.652568060361714,10.514109947836433,10.591992378234863,523100,0.0,0.0
2004-09-14,10.59198948054301,10.67852567403845,10.574682737006103,10.643911361694336,353800,0.0,0.0
2004-09-15,9.518944554765117,9.518944554765117,8.913193702697754,8.913193702697754,3243700,0.0,0.0
2004-09-16,8.783389853973752,9.190108645297563,8.757429325884663,9.077611923217773,997700,0.0,0.0
2004-09-17,9.233383029112689,9.259343574877775,9.086271894325746,9.242036819458008,721400,0.0,0.0
2004-09-20,8.523785429570134,9.354530000193487,8.523785429570134,9.276647567749023,705100,0.0,0.0
2004-09-21,9.285300087182353,9.648750871096924,9.285300087182353,9.622790336608887,1006400,0.0,0.0
2004-09-22,9.622794622877647,9.622794622877647,9.319919384886527,9.371840476989746,740900,0.0,0.0
2004-09-23,9.36318793201038,9.449724197387695,9.302613041408852,9.449724197387695,339100,0.0,0.0
2004-09-24,9.415108603923015,9.518951613400331,9.354533721378965,9.371840476989746,379300,0.0,0.0
2004-09-27,9.285303079990443,9.354532569723215,9.129538997586346,9.19876766204834,593600,0.0,0.0
2004-09-28,9.242030696079926,9.28529796859772,8.999729678574605,9.025691032409668,560100,0.0,0.0
2004-09-29,8.991080091955874,9.216072799366477,8.973772516240102,9.181458473205566,474300,0.0,0.0
2004-09-30,9.13819094785407,9.276648248912819,9.103576622589385,9.146843910217285,363600,0.0,0.0
2004-10-01,9.259337990433902,9.259337990433902,9.042998313903809,9.042998313903809,1000900,0.0,0.0
2004-10-04,9.19876682026083,9.46702766418457,9.190113031677303,9.46702766418457,671700,0.0,0.0
2004-10-05,9.518948615619612,9.536256191050635,9.30260887435553,9.328569412231445,581700,0.0,0.0
2004-10-06,9.328566157786383,9.449716667726069,9.242030786632608,9.302605628967285,435700,0.0,0.0
2004-10-07,9.259340676502552,9.276648251775542,8.999732824301981,9.008386611938477,790700,0.0,0.0
2004-10-08,9.042998278950941,9.12953447933665,8.71416187286377,8.71416187286377,920700,0.0,0.0
2004-10-11,8.8007001829968,8.878582616960225,8.662242889404297,8.662242889404297,541100,0.0,0.0
2004-10-12,8.740124508040935,8.740124508040935,8.593013441004587,8.65358829498291,688500,0.0,0.0
2004-10-13,8.653589907880015,8.740126137067072,8.636282331934344,8.670897483825684,803800,0.0,0.0
2004-10-14,8.670893339664373,8.688200082067825,8.541089057922363,8.541089057922363,464800,0.0,0.0
2004-10-15,8.5497465133667,8.688203813134484,8.5497465133667,8.5497465133667,768300,0.0,0.0
2004-10-18,8.63627918937955,8.63627918937955,8.307443618774414,8.307443618774414,849700,0.0,0.0
2004-10-19,8.134374871892376,8.428597085710182,8.030531883239746,8.030531883239746,1331100,0.0,0.0
2004-10-20,8.46320908081588,9.34587547879944,8.298791267119004,9.17280387878418,3241500,0.0,0.0
2004-10-21,9.172804940796157,9.224726014176827,9.034346819483012,9.068961143493652,1348000,0.0,0.0
2004-10-22,9.086269637688686,9.15549829271609,8.809355017579072,8.843969345092773,716800,0.0,0.0
2004-10-25,8.818004269711471,9.120880126953125,8.757429428371267,9.120880126953125,679700,0.0,0.0
2004-10-26,9.034345209748052,9.05165278130481,8.835313088467956,8.869927406311035,623800,0.0,0.0
2004-10-27,8.947808562216602,9.164148224454836,8.947808562216602,9.120880126953125,998500,0.0,0.0
2004-10-28,9.12088459922356,9.172806506738699,9.051655939383856,9.138192176818848,489600,0.0,0.0
2004-10-29,9.138187756550641,9.17280206972707,9.008383463186293,9.025691032409668,486700,0.0,0.0
2004-11-01,9.060312723853666,9.13819519824182,8.973776457806608,9.034351348876953,726200,0.0,0.0
2004-11-02,9.086269050125708,9.129537163037572,8.947811749024234,9.008386611938477,568100,0.0,0.0
2004-11-03,9.086269282580721,9.26799470124316,9.086269282580721,9.181458473205566,1121800,0.0,0.0
2004-11-04,9.129535772462742,9.21607115983513,9.09492145245969,9.17280387878418,669900,0.0,0.0
2004-11-05,9.172801876247009,9.345873438478586,9.120879994942381,9.319912910461426,516600,0.0,0.0
2004-11-08,9.380491313253899,9.43241238900573,9.285301298924505,9.328569412231445,743300,0.0,0.0
2004-11-09,9.518946256845785,9.683364056345049,9.432410051675385,9.492985725402832,1015800,0.0,0.0
2004-11-10,9.570872504192478,9.752597957603436,9.423761383561189,9.74394416809082,2549700,0.0,0.0
2004-11-11,9.830477950510891,9.951628507702091,9.692020642447037,9.865092277526855,990200,0.0,0.0
2004-11-12,9.951626979705388,10.193927231613772,9.821823479643529,10.176620483398438,1154900,0.0,0.0
2004-11-15,10.176618510684795,10.323729555715387,10.133350410628086,10.271807670593262,723400,0.0,0.0
2004-11-16,10.185274365109843,10.289117331181679,10.150659217815363,10.219888687133789,499100,0.0,0.0
2004-11-17,10.237196912508983,10.436229911815577,10.237196912508983,10.375654220581055,1424300,0.0,0.0
2004-11-18,10.332386105490869,10.687183989013871,10.289118815671337,10.375654220581055,2432100,0.0,0.0
2004-11-19,10.289117373248821,10.297770334837285,9.986241435348091,10.029509544372559,1229500,0.0,0.0
2004-11-22,10.038163955758836,10.133353141318455,9.847784759369008,10.09008502960205,614500,0.0,0.0
2004-11-23,10.003548445252864,10.14200572611109,9.925666018452487,10.055469512939453,328600,0.0,0.0
2004-11-24,9.9602764478711,10.332380038504647,9.951622664880276,10.297765731811523,344600,0.0,0.0
2004-11-26,10.332382225659986,10.418918423345835,10.254500638067132,10.289114952087402,151400,0.0,0.0
2004-11-29,10.34103601048264,10.41026463852318,10.150656870735974,10.289114952087402,425700,0.0,0.0
2004-11-30,10.315077770203228,10.315077770203228,10.167966696655505,10.176620483398438,348000,0.0,0.0
2004-12-01,10.185272192122676,10.42757239459651,10.159310837190569,10.41891860961914,626500,0.0,0.0
2004-12-02,10.375397459897199,10.514664406189004,10.253538466843631,10.279651641845703,1777000,0.07,0.0
2004-12-03,10.27965131882431,10.401509477952205,10.210017017770076,10.323171615600586,407300,0.0,0.0
2004-12-06,10.66263729627857,10.793199869908648,10.488553588072934,10.749679565429688,1636200,0.0,0.0
2004-12-07,10.749680192758573,10.819313680104493,10.59300443118193,10.65393352508545,883300,0.0,0.0
2004-12-08,10.65393426604679,10.749680940378918,10.65393426604679,10.697455406188965,352800,0.0,0.0
2004-12-09,10.57559785957099,10.70616129826624,10.37540174904049,10.680048942565918,605400,0.0,0.0
2004-12-10,10.671343054142342,10.775793292425542,10.601709561953543,10.697455406188965,397000,0.0,0.0
2004-12-13,10.784496514989454,10.793200077995087,10.688749851057967,10.775792121887207,481700,0.0,0.0
2004-12-14,10.819312318417143,11.019508361816404,10.749678839835092,11.019508361816406,1070400,0.0,0.0
2004-12-15,11.019509316952607,11.19359302849676,10.845425605408453,10.880242347717285,887800,0.0,0.0
2004-12-16,10.880241184000022,10.906353530414595,10.662636360320022,10.85412883758545,915800,0.0,0.0
2004-12-17,10.801904469998261,10.880242347717285,10.75838333458807,10.880242347717285,504400,0.0,0.0
2004-12-20,10.880242556533547,10.880242556533547,10.793200284042626,10.836721420288086,817000,0.0,0.0
2004-12-21,10.845424873027026,11.115255230271533,10.845424873027026,11.080437660217285,1904900,0.0,0.0
2004-12-22,11.080438730581246,11.28934002060368,11.002101680681552,11.254523277282715,607000,0.0,0.0
2004-12-23,11.211004901351055,11.750664970767263,11.20230050585317,11.567876815795898,999200,0.0,0.0
2004-12-27,11.66362055363097,11.66362055363097,11.402495376984376,11.472128868103027,415400,0.0,0.0
2004-12-28,11.559169980062823,11.576578767383456,11.393790651000154,11.51564884185791,329300,0.0,0.0
2004-12-29,11.446016631388753,11.576580060588567,11.43731306685284,11.506946563720703,412400,0.0,0.0
2004-12-30,11.446018296351207,11.672327609139584,11.446018296351207,11.585286140441895,335600,0.0,0.0
2004-12-31,11.550466724700795,11.863817433963318,11.550466724700795,11.750662803649902,733900,0.0,0.0
2005-01-03,11.750660736394314,11.820294215091149,11.245817600793986,11.263225555419922,689300,0.0,0.0
2005-01-04,11.263224351587043,11.428604468388322,10.94987373094274,11.02821159362793,611900,0.0,0.0
2005-01-05,11.028214357580499,11.097847846286722,10.63652577608383,10.64522933959961,688100,0.0,0.0
2005-01-06,10.610414575143167,10.880245016802467,10.610414575143167,10.819315910339355,546000,0.0,0.0
2005-01-07,10.819313048711942,11.036917891493138,10.532074722648492,10.749679565429688,573400,0.0,0.0
2005-01-10,10.662637501847842,10.871537955722081,10.5755952310186,10.775792121887207,392400,0.0,0.0
2005-01-11,11.17618604157453,11.402495301255474,10.98469352722168,10.98469352722168,1048300,0.0,0.0
2005-01-12,11.071734433976838,11.306747228302907,10.897650728902605,11.280634880065918,705100,0.0,0.0
2005-01-13,11.228407220257733,11.341561814582368,11.05432354825692,11.150070190429688,540900,0.0,0.0
2005-01-14,11.22841050734011,11.306748390197754,11.089143528969483,11.306748390197754,353700,0.0,0.0
2005-01-18,11.202296469084327,11.36767660356172,11.019508379980998,11.263225555419922,560300,0.0,0.0
2005-01-19,11.393787331230824,11.393787331230824,11.089140282657082,11.150070190429688,321700,0.0,0.0
2005-01-20,11.036919855859352,11.054327814729909,10.584301303870426,10.714864730834961,908400,0.0,0.0
2005-01-21,10.836717401036632,11.358969182089902,10.767083940909037,10.84542179107666,1643300,0.0,0.0
2005-01-24,10.793201694538972,10.862835189593024,10.462443008080593,10.540780067443848,621500,0.0,0.0
2005-01-25,10.601708824624332,10.73227140587377,10.55818768750897,10.65393352508545,390700,0.0,0.0
2005-01-26,10.740980246852585,11.045626672612297,10.688754694669695,10.975993156433105,475500,0.0,0.0
2005-01-27,10.906356615614431,11.55917127132322,10.793201975679962,11.506946563720703,1489300,0.0,0.0
2005-01-28,11.506946563720703,11.567875665955894,11.37638313452089,11.506946563720703,871400,0.0,0.0
2005-01-31,11.506948237546158,11.698439966739201,11.419905938751588,11.585286140441895,723800,0.0,0.0
2005-02-01,11.576579496992595,11.70714208973932,11.44601607414915,11.663620948791504,799700,0.0,0.0
2005-02-02,11.611394135670608,11.663618831249162,11.463422781370426,11.602689743041992,336300,0.0,0.0
2005-02-03,11.602692647200003,11.602692647200003,11.219708406742104,11.393792152404785,473100,0.0,0.0
2005-02-04,11.385086561128613,11.7506628036499,11.332861857966538,11.750662803649902,957300,0.0,0.0
2005-02-07,11.75066429198008,11.95956479128094,11.66362200222299,11.768073081970215,499300,0.0,0.0
2005-02-08,11.750661642791473,11.84640747586092,11.533056797554593,11.620099067687988,453800,0.0,0.0
2005-02-09,11.776777327164075,11.776777327164075,11.524355668403318,11.567876815795898,639500,0.0,0.0
2005-02-10,11.56787493417572,11.61139607448919,11.228411035846696,11.35897445678711,610000,0.0,0.0
2005-02-11,11.315451830033195,11.515647887041261,11.193592819182678,11.376380920410156,895500,0.0,0.0
2005-02-14,11.489536283428077,11.628803259090763,11.419902795596734,11.52435302734375,520000,0.0,0.0
2005-02-15,11.611393402930826,11.733251571655273,11.550464318568602,11.733251571655273,532600,0.0,0.0
2005-02-16,11.707139766106406,11.837703163035629,11.61139393910222,11.785477638244629,619300,0.0,0.0
2005-02-17,11.855114432490844,11.855114432490844,11.66362189484623,11.69843864440918,542100,0.0,0.0
2005-02-18,11.698436114331285,11.820295126494957,11.681028158363107,11.759366035461426,803100,0.0,0.0
2005-02-22,11.820293175139078,11.889926647709544,11.524350501666358,11.550463676452637,582100,0.0,0.0
2005-02-23,11.559168812869588,11.620098732242703,11.437310634316527,11.454718589782715,487500,0.0,0.0
2005-02-24,11.411195767139294,11.480829238891602,11.150070663116372,11.480829238891602,509900,0.0,0.0
2005-02-25,11.43730971182696,11.741955963734597,11.43730971182696,11.733251571655273,312600,0.0,0.0
2005-02-28,11.689734668045991,11.707142627166212,11.541763280088693,11.6810302734375,495800,0.0,0.0
2005-03-01,11.654917159797106,11.837705284173646,11.611396019689034,11.811592102050781,370400,0.0,0.0
2005-03-02,11.689729690551758,11.776771109284093,11.576575099112958,11.689729690551758,892600,0.0,0.0
2005-03-03,11.707142627166212,11.785480518449106,11.533058885480203,11.6810302734375,739400,0.0,0.0
2005-03-04,11.759362254082694,11.863812446594238,11.628798890871009,11.863812446594238,477200,0.0,0.0
2005-03-07,11.881229516973741,12.429594071155188,11.872525950155861,12.359960556030273,1429500,0.0,0.0
2005-03-08,12.35995114791222,12.38606348868369,12.003079447015528,12.107529640197754,701000,0.0,0.0
2005-03-09,12.107533039292685,12.229392047264415,11.959561683218649,12.09012508392334,740800,0.0,0.0
2005-03-10,12.177165982459652,12.264208245746895,12.011786678329742,12.142349243164062,354900,0.0,0.0
2005-03-11,12.142351890483951,12.24680213114334,12.064014002465228,12.185873031616211,390900,0.0,0.0
2005-03-14,12.203282029315433,12.30773227176547,12.098830956768658,12.177168846130371,321000,0.0,0.0
2005-03-15,12.264643116877865,12.264643116877865,12.01095141813465,12.115927696228027,464700,0.07,0.0
2005-03-16,12.072186825841273,12.21215407391145,11.949715066644565,11.98470687866211,301000,0.0,0.0
2005-03-17,11.99345941857344,12.063443068156802,11.748516645031678,11.949719429016113,384800,0.0,0.0
2005-03-18,11.958467472585033,11.958467472585033,11.599801063537598,11.599801063537598,760500,0.0,0.0
2005-03-21,11.634791821722676,11.661035479077675,11.433588223945474,11.608548164367676,343900,0.0,0.0
2005-03-22,11.608551050394938,11.73102203801327,11.27612824892755,11.363607406616211,281700,0.0,0.0
2005-03-23,11.363607652911481,11.38110398539105,11.092421173646587,11.232388496398926,456300,0.0,0.0
2005-03-24,11.319863656088954,11.45108360050575,11.267376345738839,11.3023681640625,403800,0.0,0.0
2005-03-28,11.302371478116743,11.372355135284506,11.20614415807882,11.276127815246582,304300,0.0,0.0
2005-03-29,11.284872611433078,11.442336221820316,11.171149819787644,11.24988079071045,555700,0.0,0.0
2005-03-30,11.258630693265685,11.389850666944547,11.24988252816624,11.319866180419922,490900,0.0,0.0
2005-03-31,11.32861350065458,11.32861350065458,11.12741072399827,11.197394371032715,439400,0.0,0.0
2005-04-01,11.328615327621035,11.34611165933672,10.891217045981065,11.083672523498535,669800,0.0,0.0
2005-04-04,11.083672022100668,11.101167518753886,10.952452877253112,11.057428359985352,428100,0.0,0.0
2005-04-05,11.136163945521508,11.15366028367162,11.031188419434805,11.127416610717773,513500,0.0,0.0
2005-04-06,11.162402996395029,11.284873966494857,11.1011666770742,11.171151161193848,375100,0.0,0.0
2005-04-07,10.497557970350197,10.978696210845438,10.3663388294292,10.838728904724121,1540900,0.0,0.0
2005-04-08,10.996191819369935,11.109915465323642,10.81248451964025,10.829980850219727,732100,0.0,0.0
2005-04-11,10.812485484538742,10.812485484538742,10.637526334485566,10.707509994506836,874800,0.0,0.0
2005-04-12,10.663769712483337,10.856225189516772,10.41882690897688,10.78624153137207,573700,0.0,0.0
2005-04-13,10.786240983498042,10.786240983498042,10.462566372451702,10.585038185119629,893100,0.0,0.0
2005-04-14,10.550042475408093,10.567537965481758,10.436318869981951,10.523797988891602,747300,0.0,0.0
2005-04-15,10.523799815966218,10.576287963841194,10.243865252021832,10.348840713500977,927600,0.0,0.0
2005-04-18,10.278856082046126,10.497555147621576,10.147636976409148,10.410075187683105,1263800,0.0,0.0
2005-04-19,10.471312365179768,10.541296005249023,10.366336905075883,10.541296005249023,808400,0.0,0.0
2005-04-20,10.541296934480046,10.567540593251735,10.016418753421032,10.18263053894043,578600,0.0,0.0
2005-04-21,10.270109424637667,10.497556686401367,10.173882122016494,10.497556686401367,741300,0.0,0.0
2005-04-22,10.191380435110455,10.313852264000372,9.85895844891268,9.963933944702148,733200,0.0,0.0
2005-04-25,10.0076727197619,10.191380038817762,9.850209899336193,9.92894172668457,834800,0.0,0.0
2005-04-26,9.920192722905865,10.007671874807322,9.771477246975314,9.797720909118652,489800,0.0,0.0
2005-04-27,9.762726429107706,9.797718247215697,9.622759156675743,9.666499137878418,493300,0.0,0.0
2005-04-28,9.666498812083336,9.70149062901198,9.49153972744012,9.500287055969238,558700,0.0,0.0
2005-04-29,9.500290090844972,9.561526415735138,9.272843625286187,9.430306434631348,673700,0.0,0.0
2005-05-02,9.561522807191112,9.58776645979905,9.369067408101326,9.5352783203125,380100,0.0,0.0
2005-05-03,9.456548229230474,9.727734610999715,9.447800066135787,9.666499137878418,467600,0.0,0.0
2005-05-04,9.710240100243462,9.902694702148438,9.666500114621119,9.902694702148438,565100,0.0,0.0
2005-05-05,9.841460282703968,9.885200273036837,9.640257495152063,9.657752990722656,531600,0.0,0.0
2005-05-06,9.710239210051078,9.876450139053487,9.561523773131194,9.841458320617676,583900,0.0,0.0
2005-05-09,9.797721083231028,9.815217414484827,9.62276194204799,9.727737426757812,381100,0.0,0.0
2005-05-10,9.657752596689534,9.710240749801663,9.587768948720623,9.622760772705078,386300,0.0,0.0
2005-05-11,9.63151157577646,9.736487076487375,9.500291574184478,9.640259742736816,278500,0.0,0.0
2005-05-12,9.631509330231305,9.771476631879747,9.622761165310546,9.657752990722656,405300,0.0,0.0
2005-05-13,9.701494151484223,9.788973308432887,9.640258658193057,9.76272964477539,404900,0.0,0.0
2005-05-16,9.806466502181866,9.928938283842582,9.762726520569414,9.841458320617676,411900,0.0,0.0
2005-05-17,9.75398086692302,9.823964521800223,9.683997212045819,9.745233535766602,304100,0.0,0.0
2005-05-18,9.832709025598025,10.34009075164795,9.832709025598025,10.34009075164795,511900,0.0,0.0
2005-05-19,10.383835569054416,10.453819230495828,10.296356409388176,10.401331901550293,261400,0.0,0.0
2005-05-20,10.436319056044285,10.480058199143574,10.270107308892541,10.392579078674316,235700,0.0,0.0
2005-05-23,10.383830916346188,10.488806361471704,10.30509912393438,10.392579078674316,355200,0.0,0.0
2005-05-24,10.410078058803533,10.488809877608405,10.252615255464747,10.296355247497559,611700,0.0,0.0
2005-05-25,10.278859994781875,10.278859994781875,9.981429018896309,10.165136337280273,498900,0.0,0.0
2005-05-26,10.165140574938398,10.340099800081555,10.016425024998869,10.31385612487793,379100,0.0,0.0
2005-05-27,10.27885680852252,10.436320413832496,10.191376842401247,10.427572250366211,438200,0.0,0.0
2005-05-31,10.375084349478428,10.418824333574646,10.208873411037766,10.22636890411377,366600,0.0,0.0
2005-06-01,10.22636931613625,10.383832931518555,10.147638342715938,10.383832931518555,339400,0.0,0.0
2005-06-02,10.445067743027993,10.471312233426847,10.287604971988804,10.427572250366211,437700,0.0,0.0
2005-06-03,10.480062628457077,10.480062628457077,10.165136159979408,10.235119819641113,358100,0.0,0.0
2005-06-06,10.235119679284212,10.480062484741211,10.200127849933212,10.480062484741211,464100,0.0,0.0
2005-06-07,10.480063283888647,10.655023278256076,10.348844122384156,10.436324119567871,529200,0.0,0.0
2005-06-08,10.471315153106726,10.488810650646716,10.35759149914822,10.480062484741211,476500,0.0,0.0
2005-06-09,10.488809202170696,10.821231952234028,10.436321882528063,10.812483787536621,502600,0.0,0.0
2005-06-10,10.759998209923873,10.873721866589166,10.611282723074723,10.768746376037598,428400,0.0,0.0
2005-06-13,10.7247538097536,11.235038209546007,10.698360063933286,11.111865997314453,680100,0.07,0.0
2005-06-14,11.05028244663882,11.586959856944352,11.041484249984087,11.498979568481445,832900,0.0,0.0
2005-06-15,11.56056725893807,11.824506472564572,11.56056725893807,11.815709114074707,783800,0.0,0.0
2005-06-16,11.8245025415092,11.859694480895996,11.63094729440284,11.859694480895996,439800,0.0,0.0
2005-06-17,11.86849622941275,11.87729442665449,11.74532482419746,11.762920379638672,911100,0.0,0.0
2005-06-20,11.674938898669025,11.780514730124999,11.560564871497855,11.648544311523438,347900,0.0,0.0
2005-06-21,11.622148955076987,11.824502394270851,11.551765077179816,11.789310455322266,598100,0.0,0.0
2005-06-22,11.859694483276085,11.956472945890708,11.745321309527565,11.947674751281738,446100,0.0,0.0
2005-06-23,13.460930701252117,13.680880546569824,13.135405030866957,13.680880546569824,6533200,0.0,0.0
2005-06-24,13.328961355629886,13.416941636403486,12.95944551884819,13.214588165283203,2849200,0.0,0.0
2005-06-27,13.21458709534444,13.28497097864773,13.117808626520866,13.258576393127441,1268900,0.0,0.0
2005-06-28,13.320161164711996,13.41693878173828,13.179392577616543,13.416938781738281,1277900,0.0,0.0
2005-06-29,13.381749284146576,13.55770900128996,13.328960949482504,13.54011344909668,1437100,0.0,0.0
2005-06-30,13.50492204903149,13.62809343646654,13.452133712243507,13.575305938720703,1320000,0.0,0.0
2005-07-01,13.52251760193272,13.61929524049485,13.434538159342278,13.575305938720703,502700,0.0,0.0
2005-07-05,13.460930701252117,13.680880546569824,13.372950427508204,13.680880546569824,1029800,0.0,0.0
2005-07-06,13.610495165454953,13.716070978904549,13.460929219974195,13.645687103271484,575000,0.0,0.0
2005-07-07,13.469729444751227,13.680881103481543,13.320163476723394,13.584102630615234,904700,0.0,0.0
2005-07-08,13.32016347333199,13.645689156885538,13.126607366690761,13.628092765808105,1158400,0.0,0.0
2005-07-11,13.54891068404387,13.636890961346822,13.469729441321743,13.628092765808105,752600,0.0,0.0
2005-07-12,13.566508572620373,13.610498716127571,13.41694258812122,13.460932731628418,485600,0.0,0.0
2005-07-13,13.416943687839922,13.584105240018017,13.328963393614227,13.443337440490723,506400,0.0,0.0
2005-07-14,13.592907029969954,13.61930078959685,13.34656331568645,13.39055347442627,399800,0.0,0.0
2005-07-15,13.293769956117366,13.452134132385254,13.26737620642011,13.452134132385254,340900,0.0,0.0
2005-07-18,13.364154815673828,13.496125251800148,13.311367312457088,13.364154815673828,412200,0.0,0.0
2005-07-19,13.452130470533692,13.619291958502268,13.372948403954176,13.522514343261719,385100,0.0,0.0
2005-07-20,13.364156854548247,13.531319264669252,13.109014979296195,13.320167541503906,1019300,0.0,0.0
2005-07-21,13.276171124162582,13.32895861052141,13.021029369316336,13.152998924255371,765100,0.0,0.0
2005-07-22,13.196990964300328,13.416940813705335,13.161799021957211,13.240981101989746,879200,0.0,0.0
2005-07-25,13.240981101989748,13.3465569290191,13.161799021957211,13.240981101989746,597400,0.0,0.0
2005-07-26,13.293771064545508,13.337761210403595,13.19699341489151,13.232185363769531,446900,0.0,0.0
2005-07-27,13.20578915964663,13.328960538326497,13.196990964300328,13.240981101989746,587900,0.0,0.0
2005-07-28,13.28497192943056,13.328961230361799,13.161799705313543,13.302567481994629,687900,0.0,0.0
2005-07-29,13.302567348393252,13.302567348393252,13.14420318169646,13.188193321228027,730900,0.0,0.0
2005-08-01,13.170593658603284,13.196987398468499,13.109007146861964,13.135401725769043,421900,0.0,0.0
2005-08-02,13.153003704749418,13.153003704749418,13.047427854617972,13.109013557434082,437100,0.0,0.0
2005-08-03,13.056226051889494,13.179397457521711,13.021034101845679,13.109013557434082,413400,0.0,0.0
2005-08-04,13.50492367312261,14.03280290927403,13.50492367312261,13.636893272399902,2401400,0.0,0.0
2005-08-05,13.531313340275439,13.54890888998087,13.302565320810853,13.408141136169434,862400,0.0,0.0
2005-08-08,13.724868286950693,13.751262028848442,13.328957963274828,13.337756156921387,644900,0.0,0.0
2005-08-09,13.390548025445305,13.540114000872705,13.170598160292323,13.284972190856934,704300,0.0,0.0
2005-08-10,13.30256693509405,13.513718591434728,13.170597359641654,13.267374992370605,599500,0.0,0.0
2005-08-11,13.232179947636777,13.37294768553048,13.170594272068756,13.328957557678223,335100,0.0,0.0
2005-08-12,13.214587354992931,13.3465569290191,13.082616941924675,13.240981101989746,640800,0.0,0.0
2005-08-15,13.21458629193639,13.487323613394485,13.152999768508739,13.372949600219727,284900,0.0,0.0
2005-08-16,13.293768595983378,13.364152480669613,13.10901068892149,13.240981101989746,409900,0.0,0.0
2005-08-17,13.21459367850948,13.460937392792985,13.188199079840093,13.39055347442627,417200,0.0,0.0
2005-08-18,13.293769547791019,13.355356080582515,13.205790105155115,13.284972190856934,1179900,0.0,0.0
2005-08-19,13.267379645299297,13.34656175395709,13.196995735168455,13.196995735168457,230400,0.0,0.0
2005-08-22,13.267375135185292,13.328960825853729,13.223384996546935,13.293768882751465,356100,0.0,0.0
2005-08-23,13.302569261525575,13.372953159281616,13.19699341489151,13.232185363769531,199500,0.0,0.0
2005-08-24,13.214583944418335,13.408139157829439,13.196987558267212,13.205785751342773,173200,0.0,0.0
2005-08-25,13.20578915964663,13.267374848986563,13.196990964300328,13.240981101989746,222400,0.0,0.0
2005-08-26,13.196990827217878,13.22338457394053,12.994637370607402,13.082616806030273,299500,0.0,0.0
2005-08-29,13.021034101845679,13.170600099292463,13.003437707302636,13.109013557434082,303500,0.0,0.0
2005-08-30,13.10901301640144,13.179396913584199,13.003437170627299,13.073821067810059,458100,0.0,0.0
2005-08-31,13.00343621505101,13.144203999072007,13.00343621505101,13.117810249328613,342500,0.0,0.0
2005-09-01,13.065023580944839,13.161801228855028,12.96824509399242,13.003437042236328,311500,0.0,0.0
2005-09-02,12.994596634992408,13.136034288445318,12.64100250136013,12.81779956817627,295500,0.07,0.0
2005-09-06,12.95040030944826,13.065318641606746,12.897361598012107,13.038799285888672,302500,0.0,0.0
2005-09-07,12.985754971856327,13.171392079913065,12.915036153838027,13.127193450927734,547800,0.0,0.0
2005-09-08,13.08299391072047,13.215591483054995,13.056474564860524,13.144872665405273,645700,0.0,0.0
2005-09-09,13.171395410118338,13.215594893313707,13.074157221516547,13.118356704711914,520800,0.0,0.0
2005-09-12,12.923879482158833,13.127196767607106,12.862000711517414,13.065317153930664,338600,0.0,0.0
2005-09-13,13.038794506887456,13.250950960942355,12.897356870850857,13.127193450927734,959900,0.0,0.0
2005-09-14,13.180228249726088,13.233267769090316,12.897353061209039,13.021110534667969,473400,0.0,0.0
2005-09-15,13.065317156270469,13.153716122661205,13.038797803567258,13.118356704711914,228000,0.0,0.0
2005-09-16,13.259793256044873,13.436590330851814,13.224433841083485,13.34819221496582,1027500,0.0,0.0
2005-09-19,13.33051307037458,13.41891203582345,13.259794235229492,13.259794235229492,483400,0.0,0.0
2005-09-20,13.25979089249277,13.427747872862366,13.206751357987487,13.303990364074707,601400,0.0,0.0
2005-09-21,13.224432610507803,13.224432610507803,12.853158366444005,12.950396537780762,635100,0.0,0.0
2005-09-22,12.879677714438598,13.021115361122927,12.694040592406699,12.950396537780762,231300,0.0,0.0
2005-09-23,12.906195098701035,13.056472776380305,12.77359670149508,12.968073844909668,193300,0.0,0.0
2005-09-26,13.082992054508543,13.144870800414004,12.941554439276237,13.074151992797852,152500,0.0,0.0
2005-09-27,13.07415786306366,13.07415786306366,12.800121728233481,12.932720184326172,276900,0.0,0.0
2005-09-28,12.915037775219066,12.923877839339855,12.57912292594328,12.782440185546875,614000,0.0,0.0
2005-09-29,12.782437731647374,12.844316482543944,12.517241760178889,12.844316482543945,601900,0.0,0.0
2005-09-30,13.21559139512313,13.684103769693918,13.082993823670861,13.339349746704102,2227400,0.0,0.0
2005-10-03,13.427747616950748,13.81670194781717,13.410068334475794,13.657584190368652,824900,0.0,0.0
2005-10-04,13.701784702267606,13.905101102870333,13.551506996154787,13.551506996154785,478700,0.0,0.0
2005-10-05,13.613390103645989,13.613390103645989,12.95040030944826,13.038799285888672,829300,0.0,0.0
2005-10-06,12.994597540112343,13.047637085369034,12.71172221350325,12.941558837890625,649200,0.0,0.0
2005-10-07,12.915037744166417,13.0211159842561,12.773600090713506,12.81779956817627,237400,0.0,0.0
2005-10-10,12.879674956084337,13.065312038359577,12.808956147887548,12.897355079650879,414600,0.0,0.0
2005-10-11,13.01227487890797,13.038794224331445,12.649840733659579,12.747078895568848,443100,0.0,0.0
2005-10-12,12.658683678870311,12.808961418887769,12.199011236431941,12.313929557800293,444200,0.0,0.0
2005-10-13,12.252042388746199,12.278562568657977,12.013366670781839,12.084085464477539,641200,0.0,0.0
2005-10-14,12.172487305845342,12.269725459806056,11.836572533479163,12.0133695602417,724300,0.0,0.0
2005-10-17,12.075247390537886,12.19016565995278,11.712813302478805,11.942649841308594,866400,0.0,0.0
2005-10-18,11.986850724769827,12.066408757907142,11.801213628046574,11.845412254333496,395400,0.0,0.0
2005-10-19,11.71281327758581,11.933809754521391,11.633254411003456,11.889610290527344,841800,0.0,0.0
2005-10-20,11.933811144462986,12.022210082746984,11.774693392765691,11.916131019592285,551500,0.0,0.0
2005-10-21,11.91613320191784,11.924973265972163,11.544859785020243,11.597898483276367,598400,0.0,0.0
2005-10-24,11.597897447417388,11.712815740755014,11.45645980732026,11.703975677490234,545900,0.0,0.0
2005-10-25,11.70397797771718,11.818896293640137,11.580220439827075,11.818896293640137,431400,0.0,0.0
2005-10-26,11.757018053360257,12.03105333646917,11.712818569397035,11.792377471923828,414000,0.0,0.0
2005-10-27,11.792376045489613,12.048732009824825,11.562539431110475,11.695137023925781,483400,0.0,0.0
2005-10-28,11.739336747433512,12.128291155732834,11.686298046414938,12.039892196655273,464500,0.0,0.0
2005-10-31,12.747080425312259,12.950396836349682,12.41116558517509,12.596802711486816,768400,0.0,0.0
2005-11-01,12.552606540044875,12.641005516052244,12.366969364857493,12.641005516052246,578000,0.0,0.0
2005-11-02,12.641001437458998,13.10067377249368,12.587961900360652,13.047635078430176,448900,0.0,0.0
2005-11-03,13.074154510918865,13.171392679360764,12.800118446350098,12.800118446350098,356100,0.0,0.0
2005-11-04,12.773597621688483,13.003434185641517,12.720558933413015,12.915035247802734,187200,0.0,0.0
2005-11-07,13.0211176730751,13.250954311262996,12.88852006652402,13.118356704711914,303300,0.0,0.0
2005-11-08,13.029953473695372,13.250949974306359,12.959234660942636,13.162551879882812,364300,0.0,0.0
2005-11-09,13.038794932528504,13.22443204664522,12.932716702038215,13.15371322631836,432900,0.0,0.0
2005-11-10,13.171391437809604,13.259790377540448,13.12719281097895,13.242110252380371,626200,0.0,0.0
2005-11-11,13.233269646623478,13.259788988550868,13.171390058079991,13.21558952331543,284000,0.0,0.0
2005-11-14,13.224434817656947,13.259794235229492,13.127196630091202,13.259794235229492,364200,0.0,0.0
2005-11-15,13.259792847353006,13.268632911579623,13.153714605738372,13.1802339553833,417500,0.0,0.0
2005-11-16,13.171394380700892,13.215593860441826,12.976918018696713,13.136034965515137,321900,0.0,0.0
2005-11-17,13.14487501067983,13.286312671214212,13.136034946137691,13.277473449707031,522100,0.0,0.0
2005-11-18,13.3481907227591,13.436588828762988,13.259791773720355,13.321670532226562,484600,0.0,0.0
2005-11-21,13.277474365533271,13.339353135526471,13.171395269780623,13.259794235229492,379000,0.0,0.0
2005-11-22,13.259785200270969,13.339344046358105,13.189066413312279,13.268625259399414,441900,0.0,0.0
2005-11-23,13.286312535447008,13.4277501945361,13.25979318512654,13.36587142944336,480500,0.0,0.0
2005-11-25,13.32167051670148,13.427748749603438,13.20675222029898,13.410069465637207,167000,0.0,0.0
2005-11-28,13.32166930646725,13.427747529732313,12.976915291614487,12.99459457397461,513400,0.0,0.0
2005-11-29,13.074158707857812,13.109518129826952,12.95040030944826,13.038799285888672,621600,0.0,0.0
2005-11-30,13.038795488475904,13.118354375494556,12.923877189786168,12.950396537780762,512100,0.0,0.0
2005-12-01,13.038797801232201,13.144876055061074,13.038797801232201,13.065317153930664,589400,0.0,0.0
2005-12-02,13.02978763116711,13.189662596251516,13.020905500429842,13.136370658874512,476600,0.07,0.0
2005-12-05,13.012023429285215,13.305126968584576,12.994260014775932,13.207426071166992,481900,0.0,0.0
2005-12-06,13.260717116471177,13.447237615024,13.216307312616399,13.278480529785156,428700,0.0,0.0
2005-12-07,13.260721867379013,13.260721867379013,13.056437035276701,13.091964721679688,387300,0.0,0.0
2005-12-08,13.083076263998946,13.296243126419522,13.012020925540904,13.14525032043457,229200,0.0,0.0
2005-12-09,13.127488136291504,13.22518987739192,12.967614023025831,13.127488136291504,210500,0.0,0.0
2005-12-12,13.216307746919776,13.216307746919776,12.985377436923535,13.127488136291504,213100,0.0,0.0
2005-12-13,13.065316142668449,13.251836664847065,13.012024201883133,13.109725952148438,225400,0.0,0.0
2005-12-14,13.10972898840461,13.242957600654092,12.994263795833191,13.091964721679688,222200,0.0,0.0
2005-12-15,13.056430762476502,13.083076302715506,12.789972818947092,12.82550048828125,435700,0.0,0.0
2005-12-16,12.807738736640507,12.869911954269476,12.656745910644531,12.656745910644531,624900,0.0,0.0
2005-12-19,12.656744145665407,12.656744145665407,12.328112995809493,12.336995124816895,423300,0.0,0.0
2005-12-20,12.363644273466221,12.39028982121923,12.159359481901973,12.194887161254883,336300,0.0,0.0
2005-12-21,12.212647859852586,12.461341542734761,12.212647859852586,12.336995124816895,822500,0.0,0.0
2005-12-22,12.390288468522687,12.594573237784365,12.336997378834667,12.4169340133667,673600,0.0,0.0
2005-12-23,12.470226792949708,12.64786518232715,12.470226792949708,12.505754470825195,289100,0.0,0.0
2005-12-27,12.585692360158212,12.68339326567754,12.24817898602779,12.283706665039062,275900,0.0,0.0
2005-12-28,12.292585637733495,12.550161456137745,12.283703508501443,12.461341857910156,273200,0.0,0.0
2005-12-29,12.479107910356495,12.6123364798042,12.416933843840523,12.434698104858398,432400,0.0,0.0
2005-12-30,12.372526679702181,12.39029009624959,12.239297243886426,12.29258918762207,250000,0.0,0.0
2006-01-03,12.470227132300348,12.479109263772592,12.05277627061833,12.328116416931152,684100,0.0,0.0
2006-01-04,12.310350494034923,12.567926342671226,12.22153173242901,12.496870994567871,501100,0.0,0.0
2006-01-05,12.532400458749569,12.73668524901171,12.487991495126513,12.701157569885254,466200,0.0,0.0
2006-01-06,12.789973163504955,12.896557021425215,12.71891782292243,12.878792762756348,457900,0.0,0.0
2006-01-09,12.861028019056342,13.056430621812254,12.843264608103864,12.95872974395752,381900,0.0,0.0
2006-01-10,12.834384316238117,13.083078034496308,12.772211098435209,13.003141403198242,222400,0.0,0.0
2006-01-11,13.10084685504215,13.136374541445134,12.896562869986695,13.091964721679688,337200,0.0,0.0
2006-01-12,13.020904752033632,13.100842229981307,12.905439600225497,12.932085990905762,226100,0.0,0.0
2006-01-13,12.967614683526255,13.189662874360291,12.967614683526255,13.118607521057129,420600,0.0,0.0
2006-01-17,13.029788294930523,13.091961519165416,12.789975835087391,12.896559715270996,308500,0.0,0.0
2006-01-18,12.807740774237205,12.878796133416456,12.754448831329418,12.798858642578125,326100,0.0,0.0
2006-01-19,12.781092069492098,13.180778577918097,12.754445681096275,12.976493835449219,364300,0.0,0.0
2006-01-20,13.056431114212657,13.065313243547092,12.816619551508257,12.878792762756348,347900,0.0,0.0
2006-01-23,12.878793978839463,12.887676109012594,12.647863676617375,12.745565414428711,536600,0.0,0.0
2006-01-24,12.816621326507677,12.816621326507677,12.550163338897677,12.73668384552002,482500,0.0,0.0
2006-01-25,12.781094830325745,13.020906448364258,12.701157341964018,13.020906448364258,541900,0.0,0.0
2006-01-26,13.091962622205696,13.367302782959445,12.985379580088775,13.340657234191895,779700,0.0,0.0
2006-01-27,13.367300595145005,13.402828270035862,13.22518989558158,13.358418464660645,396400,0.0,0.0
2006-01-30,13.296245245363293,13.473883619817574,13.287363114878934,13.358418464660645,472500,0.0,0.0
2006-01-31,13.41171247072333,13.642641969636383,13.349538394782336,13.571586608886719,417000,0.0,0.0
2006-02-01,13.571587603461236,14.122267113150262,13.571587603461236,14.060093879699707,841000,0.0,0.0
2006-02-02,14.042327434848177,14.157791744354144,13.953507823024179,14.077855110168457,512900,0.0,0.0
2006-02-03,13.96239045237789,14.148910966233865,13.909098513970486,13.997918128967285,410000,0.0,0.0
2006-02-06,13.9712720217088,14.148911255332015,13.900216667078169,14.122264862060547,470200,0.0,0.0
2006-02-07,14.157790769594465,14.291020178157659,13.92686131943536,13.96238899230957,428400,0.0,0.0
2006-02-08,13.962390504944972,14.015681596506386,13.802515536167471,13.838043212890625,508200,0.0,0.0
2006-02-09,13.926862892233562,14.397603975694018,13.891335215347114,14.140028953552246,676600,0.0,0.0
2006-02-10,14.0867367354386,14.335430468713538,14.015681383074334,14.246612548828125,258100,0.0,0.0
2006-02-13,14.140026556201507,14.308783628085427,14.140026556201507,14.219964027404785,316400,0.0,0.0
2006-02-14,14.219967109098663,14.62853498904263,14.211084977696402,14.504188537597656,452600,0.0,0.0
2006-02-15,14.530832952664325,14.868345429513399,14.34431160680825,14.850581169128418,639000,0.0,0.0
2006-02-16,14.84169980866797,14.894992592586826,14.477540922355127,14.637415885925293,682600,0.0,0.0
2006-02-17,14.61964790047547,14.655176414037667,14.486419362802772,14.548592567443848,654600,0.0,0.0
2006-02-21,14.610778446935726,14.744007084736657,14.51307665530449,14.672951698303223,615600,0.0,0.0
2006-02-22,14.761767090081912,14.983815320296726,14.744002825082275,14.89499568939209,761400,0.0,0.0
2006-02-23,14.832812169873645,15.010449614403088,14.77951941183167,14.87722110748291,422300,0.0,0.0
2006-02-24,14.823935589635056,14.93939988707341,14.690707032869874,14.921635627746582,380100,0.0,0.0
2006-02-27,14.877226673522525,14.96604627606365,14.815053459971642,14.921635627746582,486000,0.0,0.0
2006-02-28,14.921639632956241,14.948286029098806,14.601891349712792,14.646300315856934,299800,0.0,0.0
2006-03-01,14.60189631186979,14.699596409406984,14.46866767406886,14.672951698303223,446900,0.0,0.0
2006-03-02,14.584119796752931,14.646292995919138,14.388718071645908,14.58411979675293,232000,0.0,0.0
2006-03-03,14.468658518089535,14.681824542495246,14.344310399949808,14.539713859558105,328900,0.0,0.0
2006-03-06,14.255490696241758,14.557476318817098,14.219963872811519,14.264372825622559,257700,0.0,0.0
2006-03-07,14.299903598095987,14.44201430241228,14.264375074970301,14.43313217163086,411200,0.0,0.0
2006-03-08,14.44201223854458,14.557476534015928,14.32654624898025,14.4775390625,260400,0.0,0.0
2006-03-09,14.521951499819668,14.530833630426446,14.291021186322963,14.335430145263672,235100,0.0,0.0
2006-03-10,14.397602825256856,14.575242042541504,14.237729562612426,14.575242042541504,301700,0.0,0.0
2006-03-13,14.664058598931952,14.877224598848196,14.646294342082404,14.752878189086914,420300,0.0,0.0
2006-03-14,14.735113226583334,14.992688162195591,14.655175768681293,14.966043472290039,630000,0.0,0.0
2006-03-15,14.948279940319274,14.992688888374627,14.806169273630815,14.939397811889648,405700,0.0,0.0
2006-03-16,15.001574390357733,15.001574390357733,14.770644081534195,14.859463691711426,621700,0.0,0.0
2006-03-17,14.930517659178976,15.072628344672594,14.637414158586761,15.010455131530762,843800,0.0,0.0
2006-03-20,15.028216921236247,15.090390124161498,14.886106259094893,15.01933479309082,328300,0.0,0.0
2006-03-21,14.97474492221957,14.992581323348196,14.635827783749724,14.725016593933105,442100,0.07,0.0
2006-03-22,14.689340379218779,14.921230605080737,14.600153270232306,14.912311553955078,288800,0.0,0.0
2006-03-23,14.832041395033253,14.947987355405438,14.62690832807941,14.760690689086914,230000,0.0,0.0
2006-03-24,14.84987985969179,15.233390551450881,14.742854648724402,15.188796997070312,476200,0.0,0.0
2006-03-27,15.15311963088382,15.206632232264758,14.733934467985778,15.00149917602539,322900,0.0,0.0
2006-03-28,15.001498338032729,15.046093587638165,14.867715991486083,14.974742889404297,311600,0.0,0.0
2006-03-29,15.420695800296482,15.420695800296482,15.010427727011397,15.215560913085938,332200,0.0,0.0
2006-03-30,15.215557863638548,15.3671783840751,15.117451668863598,15.331503868103027,417900,0.0,0.0
2006-03-31,15.340423583984377,15.385017156156623,15.215558519857762,15.340423583984375,411800,0.0,0.0
2006-04-03,15.331494851432431,15.385007444486854,15.144198224039958,15.179874420166016,304100,0.0,0.0
2006-04-04,15.126363552567081,15.206633310899633,14.939068583881154,15.162039756774902,245600,0.0,0.0
2006-04-05,15.188795727476903,15.313659030213527,15.019337172952257,15.251227378845215,258300,0.0,0.0
2006-04-06,15.242308040673867,15.313658741052501,15.046094039916348,15.260146141052246,294400,0.0,0.0
2006-04-07,15.32258788472344,15.474208435547231,15.072859418326605,15.215560913085938,308300,0.0,0.0
2006-04-10,15.251227215418652,15.536630019264047,15.197714614981365,15.420685768127441,396600,0.0,0.0
2006-04-11,15.456360898594395,15.465279949220285,14.9747440727411,15.072850227355957,1095100,0.0,0.0
2006-04-12,14.270155753106172,14.296912907551894,13.627998506057477,13.868807792663574,3025300,0.0,0.0
2006-04-13,13.859882975630008,13.99366528993645,13.485291474891314,13.51204776763916,1016200,0.0,0.0
2006-04-17,13.538812058626704,13.770701469143617,13.512054901185488,13.69043254852295,759500,0.0,0.0
2006-04-18,13.717185260743285,14.252315510819281,13.717185260743285,14.065020561218262,822500,0.0,0.0
2006-04-19,14.073940385337343,14.305831462988426,13.966914322968213,14.234479904174805,574900,0.0,0.0
2006-04-20,14.136375986896159,14.341509105357652,14.05610620990941,14.145294189453125,393800,0.0,0.0
2006-04-21,14.359341264379005,14.493123603569623,14.216639025190345,14.28799057006836,572000,0.0,0.0
2006-04-24,14.270152678177606,14.493123813774131,14.172045684719393,14.225558280944824,528500,0.0,0.0
2006-04-25,14.207721032392142,14.350422423083137,14.154207585599329,14.225558280944824,621000,0.0,0.0
2006-04-26,14.180968615776077,14.296914597611886,14.011510870425811,14.118536949157715,689400,0.0,0.0
2006-04-27,14.118533470389744,14.76068978455561,14.091777169941365,14.21664047241211,851800,0.0,0.0
2006-04-28,13.770702477773604,14.662588228083775,13.770702477773604,14.252320289611816,416600,0.0,0.0
2006-05-01,14.323668756312593,14.457451129964422,14.100698417082073,14.180967330932617,520900,0.0,0.0
2006-05-02,14.207723976677604,14.44853326129742,14.207723976677604,14.412857055664062,515800,0.0,0.0
2006-05-03,14.484205946295704,14.698258049801368,14.484205946295704,14.626907348632812,365600,0.0,0.0
2006-05-04,14.537717777402115,14.698257271817678,14.341503784857988,14.403935432434082,459700,0.0,0.0
2006-05-05,14.448533784488164,14.796368296333137,14.314749709653782,14.671504974365234,579300,0.0,0.0
2006-05-08,14.662584334661222,14.680420735056952,14.198803901672365,14.198803901672363,654800,0.0,0.0
2006-05-09,14.136372131073491,14.22556008629039,13.993669871704975,14.038264274597168,810000,0.0,0.0
2006-05-10,14.011513048063044,14.091782832229235,13.922324209974434,14.002593994140625,368200,0.0,0.0
2006-05-11,14.002587372371648,14.065019869736709,13.538807845106676,13.592320442199707,534000,0.0,0.0
2006-05-12,13.146381396679047,13.512054018819864,13.092868786426424,13.119625091552734,1005300,0.0,0.0
2006-05-15,12.976919769174822,13.075026758908498,12.736110543600326,12.905569076538086,763200,0.0,0.0
2006-05-16,12.869896402770253,12.976922463950288,12.557736419736171,12.691518783569336,829200,0.0,0.0
2006-05-17,12.548816769261032,12.602330222578711,12.48638511586331,12.575573921203613,727600,0.0,0.0
2006-05-18,12.709357225540735,12.816383289582445,12.539899503449913,12.602331161499023,575100,0.0,0.0
2006-05-19,12.548816118318602,12.852057020064692,12.397195667445557,12.539897918701172,529700,0.0,0.0
2006-05-22,12.450712809917702,12.46855006500917,11.879906187339923,12.27233600616455,915400,0.0,0.0
2006-05-23,12.415036713452361,12.620169812970381,12.183146457031228,12.2099027633667,596000,0.0,0.0
2006-05-24,12.236657909535172,12.245576109803123,11.763958422066116,12.022604942321777,970400,0.0,0.0
2006-05-25,12.200981743271859,12.299088744218157,11.96909154041612,12.129631042480469,618200,0.0,0.0
2006-05-26,12.183141056548077,12.272329838888007,11.978008047960413,12.120709419250488,443500,0.0,0.0
2006-05-30,12.120713396669467,12.120713396669467,11.728283646278456,11.817472457885742,557600,0.0,0.0
2006-05-31,11.862065302134779,12.004766701466803,11.719363902802757,11.888821601867676,441400,0.0,0.0
2006-06-01,11.951256200610093,12.236659920269814,11.755042153393111,12.2099027633667,544000,0.0,0.0
2006-06-02,12.299091304837237,12.441792736129853,11.995850338056615,12.058282852172852,573100,0.0,0.0
2006-06-05,11.969092553941715,11.969092553941715,11.594500917783316,11.61233901977539,1058800,0.0,0.0
2006-06-06,11.862067958861692,12.138551769349231,11.826392601038538,12.058282852172852,1073700,0.0,0.0
2006-06-07,12.049360641746079,12.441789474938936,11.995847193754262,12.093955039978027,886800,0.0,0.0
2006-06-08,12.040442871839149,12.218819633160305,11.755040053725299,12.192063331604004,833800,0.0,0.0
2006-06-09,12.218822400882596,12.406118255336631,11.915581412664855,11.924500465393066,1049400,0.0,0.0
2006-06-12,11.978011978551843,12.03152458506218,11.737202697552693,11.817472457885742,1700900,0.0,0.0
2006-06-13,11.728281411592885,11.915577199827151,11.61233716938978,11.71936321258545,1456600,0.0,0.0
2006-06-14,11.6569315756021,11.799632977051123,11.639094325704693,11.692606925964355,620500,0.0,0.0
2006-06-15,11.782276597905879,11.979543926183323,11.728475873290707,11.92574405670166,724800,0.07,0.0
2006-06-16,11.862978247391872,11.880912110097677,11.71951076628,11.791244506835938,1902700,0.0,0.0
2006-06-19,11.782276074344523,11.79124214877071,11.522241103048799,11.647774696350098,874200,0.0,0.0
2006-06-20,11.65674114227295,11.719507936319413,11.56707356066363,11.65674114227295,1255000,0.0,0.0
2006-06-21,11.63881027377877,11.683644076100736,11.522243584928775,11.620877265930176,658600,0.0,0.0
2006-06-22,11.558106555195303,11.558106555195303,11.387738334893468,11.504305839538574,581000,0.0,0.0
2006-06-23,11.450502875741863,11.55810342276045,11.307034624583949,11.441535949707031,410700,0.0,0.0
2006-06-26,11.468438861700742,11.513272648426812,11.316004499912118,11.405672073364258,387200,0.0,0.0
2006-06-27,11.405673402543373,11.5222409195622,11.262205952407419,11.298072814941406,514400,0.0,0.0
2006-06-28,11.3877387059687,11.3877387059687,11.073903895666973,11.262205123901367,548900,0.0,0.0
2006-06-29,11.351872739780287,11.746409084824434,11.28013901434198,11.68364143371582,670400,0.0,0.0
2006-06-30,11.79124214877071,12.042311045640249,11.567074040580136,11.647774696350098,730200,0.0,0.0
2006-07-03,11.647777205269893,11.647777205269893,11.441542911775969,11.620877265930176,219300,0.0,0.0
2006-07-05,11.495340131311618,11.495340131311618,11.163571439088857,11.298072814941406,723300,0.0,0.0
2006-07-06,11.3249707272553,11.459471223974417,11.1994363032197,11.316003799438477,381300,0.0,0.0
2006-07-07,11.280139362765503,11.307039296852395,11.082871184150166,11.1546049118042,399600,0.0,0.0
2006-07-10,11.23530574772256,11.432573929472404,11.23530574772256,11.387740135192871,334200,0.0,0.0
2006-07-11,11.342905721552587,11.477407097046958,11.16357140936021,11.450507164001465,506200,0.0,0.0
2006-07-12,11.405671729915849,11.405671729915849,11.163569801965279,11.208403587341309,592500,0.0,0.0
2006-07-13,11.208405508447505,11.307039169073793,11.16357171538702,11.190471649169922,794700,0.0,0.0
2006-07-14,11.199440648795257,11.208407580091404,10.831805016989641,11.038040161132812,532800,0.0,0.0
2006-07-17,11.01113813641807,11.154605600585048,10.795936940167604,10.822836875915527,533400,0.0,0.0
2006-07-18,10.87663735824294,10.948371088715206,10.625569301590009,10.778003692626953,429900,0.0,0.0
2006-07-19,10.795934990116045,11.244271162222415,10.769035059227011,11.145637512207031,500300,0.0,0.0
2006-07-20,11.199440648795257,11.298075182785588,10.984239428489575,11.038040161132812,478800,0.0,0.0
2006-07-21,10.99320125579834,11.055968035462364,10.849733842204436,10.99320125579834,389400,0.0,0.0
2006-07-24,11.082869159315088,11.226337443545054,11.01113544476677,11.208403587341309,249500,0.0,0.0
2006-07-25,11.163574479542328,11.504310193982969,10.993207049888852,11.36084270477295,668600,0.0,0.0
2006-07-26,11.271171805792651,11.405673179009176,11.08287056739627,11.217371940612793,821000,0.0,0.0
2006-07-27,10.625570912957736,10.849739068462046,10.302768221745994,10.311735153198242,2293000,0.0,0.0
2006-07-28,10.329663940865244,11.244269121283578,10.311730086772124,11.181502342224121,1457700,0.0,0.0
2006-07-31,11.181506480990967,11.405674609330053,11.154605689894122,11.342906951904297,1383400,0.0,0.0
2006-08-01,11.414639535755441,11.800208951336435,11.324972806524288,11.68364143371582,1318200,0.0,0.0
2006-08-02,11.683638927092156,11.925740839855665,11.656738999607303,11.728472709655762,802600,0.0,0.0
2006-08-03,11.593975763553503,11.76434316324858,11.405674503293927,11.665709495544434,653900,0.0,0.0
2006-08-04,11.755372146996809,11.836072781219809,11.45050431956905,11.585004806518555,481200,0.0,0.0
2006-08-07,11.414636619601922,11.602937814554606,11.414636619601922,11.567070960998535,239100,0.0,0.0
2006-08-08,11.611903268703175,11.737437667791426,11.4325690236722,11.441535949707031,361300,0.0,0.0
2006-08-09,11.567077062173098,11.638810807121947,11.208408337428851,11.22634220123291,472600,0.0,0.0
2006-08-10,11.163571894789108,11.576041258333825,11.04700437301196,11.423606872558594,368000,0.0,0.0
2006-08-11,11.450509958486675,11.450509958486675,11.289108610556976,11.333942413330078,268500,0.0,0.0
2006-08-14,11.396705851685635,11.63880694680538,11.396705851685635,11.47740650177002,206500,0.0,0.0
2006-08-15,11.656739817258877,11.809174175587545,11.611906031550445,11.78227424621582,380000,0.0,0.0
2006-08-16,11.809174055504371,11.925741555107628,11.755373342174666,11.818140983581543,591500,0.0,0.0
2006-08-17,11.791241960343266,12.03334392378429,11.692608302163658,11.988510131835938,287900,0.0,0.0
2006-08-18,12.04231489804731,12.096114782349202,11.907813477025092,12.051280975341797,260800,0.0,0.0
2006-08-21,11.961610229527889,12.006444021591712,11.665708399093502,11.836075782775879,243500,0.0,0.0
2006-08-22,11.83607410495927,11.943674677579505,11.737440460507388,11.78227424621582,175200,0.0,0.0
2006-08-23,11.836074867274172,11.943675446824537,11.495339271131323,11.531206130981445,244100,0.0,0.0
2006-08-24,11.62087428065591,11.73744179469465,11.432573043383085,11.65674114227295,307500,0.0,0.0
2006-08-25,11.746407388675742,11.880907890667702,11.674673673595585,11.78227424621582,277600,0.0,0.0
2006-08-28,11.746411297126231,11.934712575649536,11.719510503670316,11.862977981567383,208600,0.0,0.0
2006-08-29,11.90780782158634,11.934708606094897,11.683639748148396,11.91677474975586,352300,0.0,0.0
2006-08-30,11.970574039913808,12.123008380132429,11.862972624943882,12.060240745544434,257700,0.0,0.0
2006-08-31,12.060239905284378,12.123007535499234,11.92573942864273,12.024373054504395,332100,0.0,0.0
2006-09-01,12.105076088266973,12.185776732343422,11.979541658022127,12.015408515930176,191000,0.0,0.0
2006-09-05,11.997475968265062,12.284410842380804,11.997475968265062,12.176810264587402,219300,0.0,0.0
2006-09-06,12.087142107739819,12.087142107739819,11.773307318047467,11.78227424621582,227400,0.0,0.0
2006-09-07,11.710540551391569,11.782274266595806,11.558106192799235,11.611906051635742,284200,0.0,0.0
2006-09-08,11.674674662517026,11.674674662517026,11.360838991107398,11.47740650177002,717300,0.0,0.0
2006-09-11,11.450356289800215,11.693789477692686,11.31511620308362,11.576581001281738,427300,0.07,0.0
2006-09-12,11.585595068262162,12.027380186020025,11.56756260149555,12.018363952636719,491600,0.0,0.0
2006-09-13,12.018367841483634,12.126560097585614,11.847063650947735,11.937223434448242,261300,0.0,0.0
2006-09-14,11.865095692944916,11.901159779616895,11.738871819510809,11.88312816619873,193700,0.0,0.0
2006-09-15,11.973291548996434,12.08148384150664,11.84706763765248,11.928211212158203,628600,0.0,0.0
2006-09-18,11.946237624336376,12.072462331417304,11.729853149199476,11.865093231201172,407000,0.0,0.0
2006-09-19,11.874111623768611,12.045415816089873,11.612646787171549,12.00935173034668,446500,0.0,0.0
2006-09-20,12.099509647575031,12.342941956516702,12.081477178849868,12.198685646057129,368900,0.0,0.0
2006-09-21,12.279831355658784,12.379007364801717,12.036399020549577,12.108527183532715,208100,0.0,0.0
2006-09-22,12.072461871508315,12.072461871508315,11.829028701376457,11.964269638061523,184200,0.0,0.0
2006-09-25,12.027381492345246,12.306877878901808,11.901156790775401,12.198685646057129,293600,0.0,0.0
2006-09-26,12.2167218757993,12.306881667675238,12.03640143221172,12.162625312805176,321800,0.0,0.0
2006-09-27,12.117545449128503,12.17164201418594,11.910177146052412,11.991321563720703,353700,0.0,0.0
2006-09-28,11.973286034139123,12.216719225039471,11.865093791461916,12.000334739685059,250000,0.0,0.0
2006-09-29,12.018366883567483,12.12655913104607,11.810998624192411,11.820013999938965,266100,0.0,0.0
2006-10-02,11.747890166172752,11.820018357750744,11.585602165040203,11.684778213500977,357500,0.0,0.0
2006-10-03,11.630676829860406,11.937221947208519,11.585597373644339,11.765917778015137,298400,0.0,0.0
2006-10-04,11.7028103381603,12.009355595556826,11.693794958699623,11.892147064208984,366400,0.0,0.0
2006-10-05,11.87411041945411,12.126558994052234,11.84706257284891,11.98230266571045,379200,0.0,0.0
2006-10-06,11.964271943736163,12.099512046648362,11.892142914369305,11.946239471435547,181100,0.0,0.0
2006-10-09,11.937222151571119,12.126558794360736,11.90115807007955,12.108527183532715,139600,0.0,0.0
2006-10-10,12.171640671449365,12.261801316653616,11.95525615476193,12.081480026245117,337400,0.0,0.0
2006-10-11,11.991320117392897,12.216720868246766,11.883127860163317,12.00935173034668,201300,0.0,0.0
2006-10-12,12.081475045967185,12.487196922302246,12.081475045967185,12.487196922302246,380700,0.0,0.0
2006-10-13,12.46916980043671,12.613426147250264,12.433105713733323,12.577362060546875,290100,0.0,0.0
2006-10-16,12.604407607828547,12.75768016327443,12.505231602472296,12.712600708007812,315500,0.0,0.0
2006-10-17,11.495438793430282,11.567566968053187,11.05365350890607,11.369214057922363,3339300,0.0,0.0
2006-10-18,11.206926523600172,11.468391381568072,11.206926523600172,11.315118789672852,921800,0.0,0.0
2006-10-19,11.242990399426182,11.720839780492259,11.152829749488122,11.6306791305542,942200,0.0,0.0
2006-10-20,11.675763274622081,12.000341032698731,11.576587215118641,11.783955574035645,1104500,0.0,0.0
2006-10-23,11.702811134516482,11.783955574035645,11.51347525541972,11.783955574035645,559800,0.0,0.0
2006-10-24,11.765919746405455,11.856079533756462,11.666742862532994,11.801983833312988,356600,0.0,0.0
2006-10-25,11.774935724189067,12.108528735707774,11.765919487701515,12.081480026245117,446400,0.0,0.0
2006-10-26,12.180656360918608,12.306880226733234,11.91919153337111,12.261800765991211,543600,0.0,0.0
2006-10-27,12.216720729198247,12.379008683277673,12.018367829950485,12.054431915283203,511800,0.0,0.0
2006-10-30,11.964272665426742,12.261801597649148,11.811000080968455,12.18967342376709,717900,0.0,0.0
2006-10-31,12.25278350949899,12.279831355658784,11.892141834747775,12.108527183532715,471000,0.0,0.0
2006-11-01,12.12656186044077,12.162625951050783,11.783952569727767,11.829032897949219,389300,0.0,0.0
2006-11-02,12.234750755172586,12.938001617706586,12.072462822140936,12.469167709350586,1236900,0.0,0.0
2006-11-03,12.559331953863984,12.703588317984064,12.19869018372803,12.324914932250977,683100,0.0,0.0
2006-11-06,12.315897954811232,12.658507228936339,12.27983386594731,12.586379051208496,569700,0.0,0.0
2006-11-07,12.595394836150065,12.928987861122723,12.595394836150065,12.757682800292969,663200,0.0,0.0
2006-11-08,12.730637914226108,13.073247255835197,12.703590057209459,12.983086585998535,497300,0.0,0.0
2006-11-09,13.001114522378083,13.010130758179391,12.649489064647224,12.820794105529785,556300,0.0,0.0
2006-11-10,12.811778976611869,13.307660810663457,12.75768241696588,13.16340446472168,620300,0.0,0.0
2006-11-13,13.118323598637124,13.280611551186063,12.938003173674074,13.028162956237793,657200,0.0,0.0
2006-11-14,13.046195968685076,13.20848392795175,12.883907149582758,13.16340446472168,849200,0.0,0.0
2006-11-15,13.235535727731186,13.451920297162141,13.172422916770273,13.307663917541504,1022000,0.0,0.0
2006-11-16,13.41585445404053,13.496998871962191,13.316678420933904,13.415854454040527,597700,0.0,0.0
2006-11-17,13.424869537353516,13.487981474828462,13.208484154887477,13.424869537353516,625100,0.0,0.0
2006-11-20,13.469952021499791,13.515032355447643,13.325695640735347,13.379792213439941,626000,0.0,0.0
2006-11-21,13.406838068197787,13.406838068197787,13.082261259937969,13.19045352935791,748900,0.0,0.0
2006-11-22,13.280611159357454,13.52404437075207,13.082259127668044,13.469947814941406,638800,0.0,0.0
2006-11-24,13.406837699911918,13.569126529501615,13.325693285117069,13.551094055175781,135900,0.0,0.0
2006-11-27,13.460933393185503,13.55109317948129,13.073243818590248,13.16340446472168,633500,0.0,0.0
2006-11-28,13.082260512354338,13.34372536347009,13.055211801668255,13.181436538696289,479700,0.0,0.0
2006-11-29,13.362624128887349,13.480396513022015,13.226733381640125,13.426039695739746,383200,0.07,0.0
2006-11-30,13.471340408536138,13.498518392270528,13.235795578911357,13.380746841430664,444300,0.0,0.0
2006-12-01,13.407920189568662,13.453217389446804,13.009305867407685,13.22673225402832,563600,0.0,0.0
2006-12-04,13.226737057117122,13.580053443729213,13.226737057117122,13.453222274780273,429400,0.0,0.0
2006-12-05,13.543812632282298,13.788417024070673,13.453219085079901,13.634407043457031,442500,0.0,0.0
2006-12-06,13.589108173898792,13.797474084525236,13.561930199463218,13.580048561096191,680100,0.0,0.0
2006-12-07,13.59816919316991,13.725000329635641,13.416981238238638,13.435099601745605,649700,0.0,0.0
2006-12-08,13.453218703026447,13.652525019595087,13.362624294424474,13.3988618850708,567400,0.0,0.0
2006-12-11,13.36262696359029,13.453221390288371,13.21767657205135,13.26297378540039,599100,0.0,0.0
2006-12-12,13.272032380077235,13.35356719034764,13.099904008151636,13.16331958770752,396300,0.0,0.0
2006-12-13,13.308267802218234,13.335446643847474,13.154258686180864,13.217674255371094,528700,0.0,0.0
2006-12-14,13.27203296536958,13.48945942366992,13.154261416421388,13.181439399719238,569900,0.0,0.0
2006-12-15,13.1995534157181,13.380742215230669,13.172375441380106,13.22673225402832,773200,0.0,0.0
2006-12-18,13.299209088899259,13.299209088899259,12.991189128032518,13.027426719665527,353200,0.0,0.0
2006-12-19,12.909657188233213,13.072726818661051,12.855300356766424,12.90059757232666,520200,0.0,0.0
2006-12-20,12.873414822239633,13.15425676355426,12.791880037213703,13.090840339660645,295400,0.0,0.0
2006-12-21,13.145197151002,13.290147495949341,13.090840339660645,13.090840339660645,259800,0.0,0.0
2006-12-22,13.0999038727347,13.10896348799831,12.954953484406799,12.96401309967041,189700,0.0,0.0
2006-12-26,12.991191215781921,13.281091995434496,12.954953618325348,13.16331958770752,241700,0.0,0.0
2006-12-27,13.226732476771032,13.407920415362641,13.217672863848392,13.36262321472168,257200,0.0,0.0
2006-12-28,13.362622824679006,13.426038385341966,13.244850452039067,13.253910064697266,356800,0.0,0.0
2006-12-29,13.244854035111048,13.40792365118427,13.054606437683105,13.054606437683105,503900,0.0,0.0
2007-01-03,13.226732492644953,13.444158019215823,12.991187740207055,13.172375679016113,494300,0.0,0.0
2007-01-04,13.154261416421388,13.226736614530664,13.027429387743897,13.181439399719238,300600,0.0,0.0
2007-01-05,13.090844827233528,13.11802281023478,12.755646823643074,12.791884422302246,405800,0.0,0.0
2007-01-08,12.773764150332108,12.782822900666822,12.465744175670096,12.665050506591797,703600,0.0,0.0
2007-01-09,12.68317197440456,12.95495440379345,12.610696775097193,12.90059757232666,309000,0.0,0.0
2007-01-10,12.810005964427628,12.973074755823783,12.692233531547112,12.837183952331543,258100,0.0,0.0
2007-01-11,12.909655517141108,13.31732867646687,12.89153628767345,13.099903106689453,503300,0.0,0.0
2007-01-12,13.136138056273314,13.308266381690489,13.045543655123913,13.235791206359863,362300,0.0,0.0
2007-01-16,13.29014820321116,13.435098555872322,13.009306246950967,13.018365859985352,522500,0.0,0.0
2007-01-17,12.991188720243157,13.190495899954682,12.964010743364591,13.10896110534668,208800,0.0,0.0
2007-01-18,13.108958900877656,13.108958900877656,12.683166636179427,12.719404220581055,422500,0.0,0.0
2007-01-19,13.625348077508944,14.359160423798741,13.389803288430997,14.232328414916992,2871400,0.0,0.0
2007-01-22,14.286685025398638,14.676239796644525,14.241387818328032,14.449753761291504,1119700,0.0,0.0
2007-01-23,14.404450797254361,14.757768698401517,14.36821321887527,14.730589866638184,1417800,0.0,0.0
2007-01-24,14.81212521488863,15.346630164921521,14.757769277174264,15.319451332092285,2078800,0.0,0.0
2007-01-25,14.993317441961127,15.165446653598115,14.766832273786822,14.794011116027832,1138400,0.0,0.0
2007-01-26,14.857423518241399,14.911779463187097,14.531286120622882,14.784948348999023,600700,0.0,0.0
2007-01-29,14.803073780746828,15.174509394863096,14.803073780746828,15.120153427124023,1061000,0.0,0.0
2007-01-30,15.174508227660679,15.183567842911181,14.948023030232907,15.083913803100586,758100,0.0,0.0
2007-01-31,15.020497662268873,15.047676507003427,14.748716126702789,14.966141700744629,553000,0.0,0.0
2007-02-01,14.975199038199683,15.219801691831583,14.911781743463681,14.984258651733398,591000,0.0,0.0
2007-02-02,15.03861450325664,15.1201492965639,14.80306973680729,14.857425689697266,635300,0.0,0.0
2007-02-05,14.839310506278608,15.065795720969914,14.757777418699192,14.92990493774414,562500,0.0,0.0
2007-02-06,14.948015421619342,15.337570039381076,14.86648065381135,15.047669410705566,568600,0.0,0.0
2007-02-07,15.147327388383214,15.21980257290391,14.975199905111996,15.111090660095215,331300,0.0,0.0
2007-02-08,15.038614122855632,15.246980043617095,14.948019718367526,15.19262409210205,491800,0.0,0.0
2007-02-09,13.815594150908023,14.585644006547547,13.272029445283383,13.543811798095703,3965700,0.0,0.0
2007-02-12,13.498517739664928,13.66158736213248,13.090844547468535,13.26297378540039,1791800,0.0,0.0
2007-02-13,13.353564680769816,13.580049838302434,13.299208726786482,13.3988618850708,799900,0.0,0.0
2007-02-14,13.444159923321328,13.498515880676395,13.371684737532995,13.489457130432129,1062900,0.0,0.0
2007-02-15,13.471338926271224,13.634408538679901,13.335448158578947,13.589111328125,763500,0.0,0.0
2007-02-16,13.552870196000494,13.552870196000494,13.32638506629726,13.471335411071777,652700,0.0,0.0
2007-02-20,13.453217161237355,13.996780958637803,13.362622763017841,13.888068199157715,1055300,0.0,0.0
2007-02-21,13.797477530347225,14.114557145848803,13.743121567901062,14.078319549560547,1263700,0.0,0.0
2007-02-22,14.06020154133354,14.205151930176573,13.996785098235364,14.187032699584961,744000,0.0,0.0
2007-02-23,14.141732395054174,14.259504776231868,13.969604061931253,14.241386413574219,741800,0.0,0.0
2007-02-26,14.259504979349774,14.313861796041557,14.08737664377499,14.250445365905762,869500,0.0,0.0
2007-02-27,13.525693138328,14.268564137591813,13.435098734722638,13.851831436157227,1018400,0.0,0.0
2007-02-28,13.788415892896777,13.951484610072194,13.435098755067552,13.66158390045166,903400,0.0,0.0
2007-03-01,13.362626139322916,13.706883729978774,13.27203171821311,13.589111328125,695200,0.0,0.0
2007-03-02,13.453217500124648,13.525692674937028,13.118018736652097,13.136137962341309,566000,0.0,0.0
2007-03-05,12.936832432424632,13.19049644025603,12.873416862452954,13.063664436340332,867900,0.0,0.0
2007-03-06,13.163320632929247,13.398865467086429,13.10896466441454,13.326390266418457,495100,0.0,0.0
2007-03-07,13.290147802988688,13.534751299745295,13.172375429005054,13.416979789733887,872800,0.0,0.0
2007-03-08,13.65252702578518,13.761239813699115,13.507576641899933,13.625349044799805,588900,0.0,0.0
2007-03-09,13.752181649363223,13.797477998280407,13.53475520028735,13.643468856811523,635500,0.0,0.0
2007-03-12,13.63440704345703,13.688762998984,13.516634654518812,13.634407043457031,538800,0.0,0.0
2007-03-13,13.634410335749784,13.725003904827753,13.480400317947435,13.552875518798828,678300,0.0,0.0
2007-03-14,13.570992797804584,13.72500280324594,13.389804810218418,13.643468856811523,563900,0.0,0.0
2007-03-15,13.607230620555336,13.842774561374412,13.607230620555336,13.815596580505371,262600,0.0,0.0
2007-03-16,14.03302403402729,14.03302403402729,13.715945244180785,13.879014015197754,789600,0.0,0.0
2007-03-19,14.033020246923892,14.47693095129396,13.960545065148057,14.422574996948242,952000,0.0,0.0
2007-03-20,14.386176018936581,14.613660534404719,14.313379897929819,14.549964904785156,527500,0.07,0.0
2007-03-21,14.559066449988658,14.613662463214844,14.377078292921396,14.468071937561035,1137900,0.0,0.0
2007-03-22,14.586365324389735,14.586365324389735,14.358879043320679,14.468071937561035,563500,0.0,0.0
2007-03-23,14.559068743042246,14.586367621742898,14.377080557311842,14.449875831604004,418400,0.0,0.0
2007-03-26,14.440772735414397,14.440772735414397,14.167790088519405,14.377077102661133,513800,0.0,0.0
2007-03-27,14.267886144469012,14.386178669692924,14.16779200200907,14.349781036376953,458400,0.0,0.0
2007-03-28,14.240585726085685,14.340679857703325,14.022199949845639,14.195089340209961,1014900,0.0,0.0
2007-03-29,14.322480609122687,14.331580233413007,14.031299574135959,14.195089340209961,1120600,0.0,0.0
2007-03-30,14.276986467270847,14.468074280077367,14.10409790701167,14.340682983398438,1049400,0.0,0.0
2007-04-02,14.395274770354312,14.722854277527215,14.33157914075419,14.713754653930664,1351400,0.0,0.0
2007-04-03,14.80475571629613,15.086837230514481,14.750157950517217,15.041340827941895,894700,0.0,0.0
2007-04-04,15.041337645681592,15.041337645681592,14.68645918550549,14.759254455566406,1008600,0.0,0.0
2007-04-05,14.704655968536608,14.950340614591726,14.6773570960052,14.877545356750488,650100,0.0,0.0
2007-04-09,14.877548940030403,14.941244589035696,14.613664982064169,14.731958389282227,602200,0.0,0.0
2007-04-10,14.686459777598708,15.050437878153433,14.677360151527218,15.023138999938965,611400,0.0,0.0
2007-04-11,14.986738875434895,15.059534140560695,14.904843985221369,15.004938125610352,731100,0.0,0.0
2007-04-12,14.92303857307436,15.196022033691406,14.877542197425925,15.196022033691406,641200,0.0,0.0
2007-04-13,15.196027644367694,15.423513077752983,15.177828393158602,15.414413452148438,830700,0.0,0.0
2007-04-16,15.41441499718592,15.523607044232907,15.350719347145795,15.487210273742676,855700,0.0,0.0
2007-04-17,15.832987621350044,16.833923989460242,15.70559631951693,16.742929458618164,4847000,0.0,0.0
2007-04-18,16.77022575682014,17.061406822227315,16.715629740950305,16.724727630615234,1750700,0.0,0.0
2007-04-19,16.861218149742164,16.861218149742164,16.360749237985754,16.442644119262695,956600,0.0,0.0
2007-04-20,16.670132921953023,16.75202781996768,16.49724349996917,16.651933670043945,759500,0.0,0.0
2007-04-23,16.59733678829459,16.715630183986576,16.01497464204513,16.51544189453125,606300,0.0,0.0
2007-04-24,16.451745684513835,16.497242074779926,16.187863496933637,16.27885627746582,618800,0.0,0.0
2007-04-25,16.324347514226343,16.515434355394103,16.151458180139816,16.40624237060547,779500,0.0,0.0
2007-04-26,16.46994609805923,16.606437014073368,16.2970566788007,16.588237762451172,587300,0.0,0.0
2007-04-27,16.51543678233881,16.53363602766973,16.251554667342695,16.424442291259766,410500,0.0,0.0
2007-04-30,16.397151850681887,16.479046752517604,16.297057696087947,16.342554092407227,788700,0.0,0.0
2007-05-01,16.260661745367827,16.30615814397924,15.923982494683774,16.251562118530273,578600,0.0,0.0
2007-05-02,16.28795900295017,16.679234281789213,16.16056769749611,16.53364372253418,965700,0.0,0.0
2007-05-03,16.488142893381916,16.679229800219556,16.269755377601896,16.6246337890625,1087200,0.0,0.0
2007-05-04,17.225197061954855,17.243396312919177,16.415349485379686,16.51544189453125,1406700,0.0,0.0
2007-05-07,16.060475952472455,16.5336462089987,15.933084627860246,16.49724769592285,1264400,0.0,0.0
2007-05-08,16.36074426396412,16.533633598050645,16.10596180907377,16.40624237060547,630100,0.0,0.0
2007-05-09,16.3152570447046,16.45174797004065,16.178766119368554,16.397151947021484,490400,0.0,0.0
2007-05-10,16.260657690104868,16.2970544528017,15.933078147953784,15.942177772521973,643600,0.0,0.0
2007-05-11,16.06956745917753,16.115063841951827,15.78748606771024,16.033170700073242,446000,0.0,0.0
2007-05-14,16.33345087707377,16.44264288687512,16.1878603736215,16.29705238342285,964800,0.0,0.0
2007-05-15,16.33345191140193,16.46994280008486,15.933077133766302,15.996772766113281,576700,0.0,0.0
2007-05-16,16.05137676284644,16.10597453395223,15.714699185577462,16.00588035583496,603800,0.0,0.0
2007-05-17,15.905781844293909,16.11506803645078,15.887582592216908,15.960379600524902,430100,0.0,0.0
2007-05-18,15.996773773408842,16.142364295248385,15.751089116963646,16.024072647094727,485500,0.0,0.0
2007-05-21,16.105966179578356,16.269754201206716,15.741988169979924,15.987672805786133,552700,0.0,0.0
2007-05-22,15.933083012125163,16.297059428090535,15.842088474239706,16.22426414489746,627600,0.0,0.0
2007-05-23,16.29705604091458,16.35165205806805,15.969476466841574,16.01497459411621,1011500,0.0,0.0
2007-05-24,16.078668054938124,16.2333581955291,15.714691764011073,15.86938190460205,724000,0.0,0.0
2007-05-25,15.86938190460205,16.02407204519303,15.796586646416642,15.86938190460205,483700,0.0,0.0
2007-05-29,15.996769598345505,16.32434905477611,15.960372845172921,16.233354568481445,472200,0.0,0.0
2007-05-30,16.11506956299368,16.560942603235638,16.033176392042044,16.53364372253418,988900,0.0,0.0
2007-05-31,16.59733937526121,16.606439002161697,16.433549562205204,16.53364372253418,612600,0.0,0.0
2007-06-01,16.606428401242237,16.624627643425494,16.397142322860535,16.50633430480957,351300,0.0,0.0
2007-06-04,16.515435520603045,16.715623732798203,16.40624352811062,16.661026000976562,995900,0.0,0.0
2007-06-05,16.742925415984477,16.961311195929714,16.57003602268687,16.788423538208008,1375700,0.0,0.0
2007-06-06,16.570033749070646,16.75202274184179,16.27885274909735,16.670127868652344,577700,0.0,0.0
2007-06-07,16.54274557861149,17.234301696050025,16.45175103292126,16.988616943359375,2641100,0.0,0.0
2007-06-08,17.079606306897958,17.225196841597825,16.8157223780194,16.952213287353516,579500,0.0,0.0
2007-06-11,16.861220643703643,17.025008694907765,16.80662289105951,16.843021392822266,781600,0.0,0.0
2007-06-12,16.7247280238396,16.7247280238396,15.98767571775143,16.01497459411621,1593800,0.0,0.0
2007-06-13,16.096868980825416,16.360751168405613,15.660095650621159,16.27885627746582,701100,0.0,0.0
2007-06-14,16.415886252783732,16.516373597039003,16.36107576609629,16.461563110351562,805600,0.07,0.0
2007-06-15,16.534644340066134,16.863509002584735,16.38848188063699,16.461563110351562,1278900,0.0,0.0
2007-06-18,16.479834411813265,16.69907810838626,16.315401203785015,16.66253662109375,1068900,0.0,0.0
2007-06-19,16.571177401702624,16.84523320941975,16.552908408436082,16.708206176757812,699200,0.0,0.0
2007-06-20,16.808699085475748,17.000538408973377,16.607726132549008,16.66253662109375,1164300,0.0,0.0
2007-06-21,16.598582561747143,16.973123909518108,16.47982627149498,16.826961517333984,1413700,0.0,0.0
2007-06-22,16.753886594680022,16.753886594680022,16.351938994469137,16.552913665771484,970500,0.0,0.0
2007-06-25,16.534645212032267,16.54378058402759,16.141832928203474,16.169239044189453,779000,0.0,0.0
2007-06-26,16.297130767335926,16.379347372899815,16.032210206653605,16.169239044189453,752900,0.0,0.0
2007-06-27,16.09614604810854,16.379335403442383,16.004794137306174,16.379335403442383,520300,0.0,0.0
2007-06-28,16.406750631907517,16.54377946013438,16.33366940330369,16.479833602905273,755300,0.0,0.0
2007-06-29,16.507236390632773,16.552913243123307,16.16923639417163,16.26972198486328,649000,0.0,0.0
2007-07-02,16.38847786700779,16.680802714274105,16.169234231558058,16.653396606445312,565900,0.0,0.0
2007-07-03,16.6625350471758,16.68080578909623,16.40674988747138,16.580318450927734,310600,0.0,0.0
2007-07-05,16.543777077049246,16.91831853749144,16.46156048891377,16.863506317138672,918500,0.0,0.0
2007-07-06,16.817835041218,17.265457821728685,16.817835041218,17.228918075561523,732500,0.0,0.0
2007-07-09,17.329403549118567,17.685676090234793,17.037078612485605,17.594324111938477,1565000,0.0,0.0
2007-07-10,17.603452675582574,17.63999240733232,17.20150517197503,17.238046646118164,1081000,0.0,0.0
2007-07-11,17.274586377867912,17.329396846689225,17.082748865796617,17.238046646118164,483400,0.0,0.0
2007-07-12,17.347663483260078,17.5669070491157,17.219771838775877,17.557771682739258,357800,0.0,0.0
2007-07-13,17.50296941119951,17.621727487231098,17.347671594969285,17.585186004638672,300800,0.0,0.0
2007-07-16,17.58518271493302,17.612588821750407,17.183235193578668,17.311128616333008,583900,0.0,0.0
2007-07-17,17.375080452254956,17.539513665114477,17.210647239395435,17.292863845825195,422500,0.0,0.0
2007-07-18,17.17410704450407,17.19237779006321,16.78129646934772,17.027944564819336,1004000,0.0,0.0
2007-07-19,17.703949673787484,17.80443705015912,16.269728993257267,16.370216369628906,3036100,0.0,0.0
2007-07-20,16.33366891353197,16.598589448273295,16.141831347596973,16.38848114013672,1556700,0.0,0.0
2007-07-23,16.470697321431366,16.689940995128392,16.315399501430075,16.406749725341797,574500,0.0,0.0
2007-07-24,16.205772533145794,16.251449375487773,16.023070390957997,16.077880859375,723400,0.0,0.0
2007-07-25,16.214910478887937,16.260585586096358,15.758152437229123,15.913450241088867,1060000,0.0,0.0
2007-07-26,15.685068572671435,15.81296024518224,14.935985789576673,15.474960327148438,1390900,0.0,0.0
2007-07-27,15.411015298301972,15.529771608656226,14.963390936275646,14.99079704284668,895600,0.0,0.0
2007-07-30,14.789825210312074,15.283122967029527,14.789825210312074,15.228312492370605,781100,0.0,0.0
2007-07-31,15.401876620092974,15.557174372506942,14.808089968726398,14.826360702514648,836000,0.0,0.0
2007-08-01,14.826364945953497,15.566314194620041,14.652798152467978,15.228312492370605,916500,0.0,0.0
2007-08-02,14.250850603597243,14.808094204386428,13.803227080910244,14.314796447753906,2284600,0.0,0.0
2007-08-03,14.33306593584387,14.82636455060416,14.1777690143201,14.278255462646484,1290000,0.0,0.0
2007-08-06,14.351337579232261,15.611989867814737,14.086417952216896,15.374475479125977,1894300,0.0,0.0
2007-08-07,15.264855029614798,15.84950658872253,14.99993623481405,15.7764253616333,1803200,0.0,0.0
2007-08-08,15.895179453919093,16.726478947871396,15.749017020414971,16.27885627746582,2373700,0.0,0.0
2007-08-09,16.18750166311577,16.708207207172872,15.8860414757108,16.205772399902344,2060500,0.0,0.0
2007-08-10,15.922586941787104,16.488965985040412,15.557180826398874,16.1875057220459,1837800,0.0,0.0
2007-08-13,16.397613083823906,16.488963290950135,16.077882131701568,16.2423152923584,1284600,0.0,0.0
2007-08-14,16.242313641752226,16.297124108936615,15.611987170755064,15.666797637939453,970100,0.0,0.0
2007-08-15,15.675939791049855,16.370212397988862,15.493235831499662,15.785562515258789,1312500,0.0,0.0
2007-08-16,15.511501801270013,15.712476443391157,14.981662572539502,15.182637214660645,1974300,0.0,0.0
2007-08-17,15.666797937838401,15.986528863588852,15.073012928526632,15.219175338745117,1957100,0.0,0.0
2007-08-20,15.319662858224524,15.675933520194688,15.21004017786803,15.392744064331055,815500,0.0,0.0
2007-08-21,15.392750583121872,15.675940158915571,15.392750583121872,15.57545280456543,429600,0.0,0.0
2007-08-22,15.776422574955408,16.02307232621214,15.529772823698675,15.71247673034668,750500,0.0,0.0
2007-08-23,15.785562361216872,15.785562361216872,15.347073211054182,15.429289817810059,502600,0.0,0.0
2007-08-24,15.347068345791694,15.456691034178766,15.10955571534116,15.438420295715332,598200,0.0,0.0
2007-08-27,15.365338907740897,15.44755548748833,15.100420172638554,15.146095275878906,430400,0.0,0.0
2007-08-28,15.420155005227219,15.529777732344247,14.826369734528178,14.862911224365234,808800,0.0,0.0
2007-08-29,14.972521846279605,15.136954951950342,14.72587393016643,15.100415229797363,485900,0.0,0.0
2007-08-30,14.917715700156839,15.06387811576698,14.689336707966811,14.75328254699707,1211100,0.0,0.0
2007-08-31,15.027339796553298,15.054744163061995,14.798960782881629,14.908581733703613,560600,0.0,0.0
2007-09-04,14.981977082832795,15.266386446956364,14.881056897218324,15.14711856842041,619900,0.07,0.0
2007-09-05,15.0095032891262,15.0095032891262,14.725092136408943,14.743441581726074,426000,0.0,0.0
2007-09-06,14.725091386807678,14.871883442073226,14.67004480355793,14.76179027557373,389100,0.0,0.0
2007-09-07,14.550776429553734,14.670045196388152,14.293890325960202,14.330588340759277,417600,0.0,0.0
2007-09-10,14.413158840239648,14.56912561914021,14.183796033027019,14.358111381530762,441700,0.0,0.0
2007-09-11,14.394808020274152,14.624170805571346,14.183794677776534,14.41315746307373,622700,0.0,0.0
2007-09-12,14.44068301022953,14.697569999892245,14.431508287395205,14.559951782226562,525800,0.0,0.0
2007-09-13,14.706744997982192,14.88105948539851,14.523254037660346,14.642522811889648,525700,0.0,0.0
2007-09-14,14.596649690745519,15.137946084674313,14.587474967978995,14.917757987976074,720900,0.0,0.0
2007-09-17,14.908582157322414,14.981978184100951,14.679219354902068,14.789314270019531,384900,0.0,0.0
2007-09-18,14.844357919503555,15.523271470532032,14.688391174679515,15.459050178527832,706400,0.0,0.0
2007-09-19,15.504928383593967,15.596673874009252,15.055377405448722,15.092076301574707,698500,0.0,0.0
2007-09-20,14.99115485128115,14.99115485128115,14.459033150619376,14.587475776672363,884200,0.0,0.0
2007-09-21,14.67922042992961,14.697569875442888,14.477380904032156,14.541603088378906,1289300,0.0,0.0
2007-09-24,14.569124139172528,14.770963634002195,14.440680665199178,14.504902839660645,514900,0.0,0.0
2007-09-25,14.385636002982768,14.7250919884415,14.229669219153259,14.614998817443848,635200,0.0,0.0
2007-09-26,14.68839645385742,14.752617768943496,14.605825691632583,14.688396453857422,747300,0.0,0.0
2007-09-27,14.697568110276785,14.780138855270414,14.614997365283156,14.6700439453125,549100,0.0,0.0
2007-09-28,14.670047006718658,14.835188531168333,14.642523710960312,14.688396453857422,508800,0.0,0.0
2007-10-01,14.679223378959927,15.3397878010492,14.660873929760278,15.26639175415039,714000,0.0,0.0
2007-10-02,15.192991645200857,15.477402782054911,15.055374312796912,15.38565731048584,810400,0.0,0.0
2007-10-03,15.275564325740381,15.376484532214496,15.073725662691697,15.229692459106445,483300,0.0,0.0
2007-10-04,15.312264736317523,15.358136607497078,15.09207660483617,15.192995071411133,578500,0.0,0.0
2007-10-05,15.348952438276847,15.596664589975664,15.257207002473733,15.569140434265137,559000,0.0,0.0
2007-10-08,15.523274642889787,15.615020114458858,15.312261283210448,15.38565731048584,393500,0.0,0.0
2007-10-09,15.440703267672214,15.550798179072933,15.248039360095017,15.48657512664795,369800,0.0,0.0
2007-10-10,15.50492671029559,15.587497467768307,14.871884819637929,14.97280502319336,631200,0.0,0.0
2007-10-11,15.101245228274276,15.183815972527473,14.752614558015724,14.871882438659668,795900,0.0,0.0
2007-10-12,14.972801201866636,15.192989248964787,14.761787875468288,14.816834449768066,502800,0.0,0.0
2007-10-15,14.385637103304061,15.238867118344603,13.936085287613484,14.101226806640625,1370600,0.0,0.0
2007-10-16,13.991130598993236,14.42233290178417,13.991130598993236,14.284714698791504,581300,0.0,0.0
2007-10-17,14.422332366459637,14.449855656056712,13.835163313707856,14.009479522705078,684000,0.0,0.0
2007-10-18,15.092072610347781,16.0737450929241,14.954453533433957,15.68841552734375,3071900,0.0,0.0
2007-10-19,15.688412935627952,15.780158388447793,15.394828886523634,15.459050178527832,1522800,0.0,0.0
2007-10-22,15.40401081465855,15.780165772321702,15.358137191833906,15.642546653747559,1011900,0.0,0.0
2007-10-23,15.679245139024507,15.91778272173035,15.459057004965207,15.853561401367188,857300,0.0,0.0
2007-10-24,15.798507822246915,15.82603198609948,15.137943638877763,15.284735679626465,899300,0.0,0.0
2007-10-25,15.367306632570838,15.440702653954313,15.027848939985274,15.14711856842041,797200,0.0,0.0
2007-10-26,15.376484870910645,15.449880909081356,15.046201824192648,15.376484870910645,373000,0.0,0.0
2007-10-29,15.459049041897636,15.615015775254186,15.229686301661467,15.59666633605957,442700,0.0,0.0
2007-10-30,15.55079356645261,15.642537257191401,15.312256120754544,15.348953247070312,571500,0.0,0.0
2007-10-31,15.440705009740446,15.890255928039549,15.321437113007805,15.89025592803955,1192200,0.0,0.0
2007-11-01,15.63337421627309,15.688420815654377,14.835190650695127,14.926936149597168,815300,0.0,0.0
2007-11-02,14.97280338102113,15.514099731796955,14.97280338102113,15.21134090423584,1363900,0.0,0.0
2007-11-05,15.137942143682515,15.72511024868192,14.7617873576799,15.587492942810059,1491800,0.0,0.0
2007-11-06,15.495752762201311,15.82603580860973,15.46823034160033,15.752639770507812,1065400,0.0,0.0
2007-11-07,15.670066004007587,15.853556939025875,15.523273955952655,15.624194145202637,1355200,0.0,0.0
2007-11-08,15.596667663188047,15.770983850571865,15.156291584438494,15.587492942810059,1114500,0.0,0.0
2007-11-09,15.303091750629097,15.559977058257937,14.96363391567681,15.220520973205566,744000,0.0,0.0
2007-11-12,15.1838141103431,15.715935646992188,15.00032495109455,15.541621208190918,1005700,0.0,0.0
2007-11-13,15.679240485859252,16.284758112296362,15.495749553648338,16.229711532592773,654600,0.0,0.0
2007-11-14,16.193010301288627,16.193010301288627,15.449875458255953,15.459050178527832,1091800,0.0,0.0
2007-11-15,15.41318023021855,15.917779465372348,15.376483090332469,15.660892486572266,1066800,0.0,0.0
2007-11-16,15.67923839669096,15.826030422940812,15.358130183057293,15.587492942810059,726800,0.0,0.0
2007-11-19,15.376477897533821,15.376477897533821,14.780135139106365,14.890228271484375,733500,0.0,0.0
2007-11-20,14.881056041188733,15.147117697085681,14.715916314999928,15.05537223815918,734000,0.0,0.0
2007-11-21,14.936108740531933,15.119597962220778,14.67922173028804,14.688396453857422,731000,0.0,0.0
2007-11-23,14.826008553489563,15.064546032060681,14.633343801558965,14.94527816772461,196500,0.0,0.0
2007-11-26,14.844363730993948,14.95445691755949,14.367288589477537,14.367288589477539,940300,0.0,0.0
2007-11-27,14.403983541988582,14.81683640347256,14.385634973119108,14.706743240356445,743600,0.0,0.0
2007-11-28,14.79849129895807,15.541628242445764,14.76179415045856,15.26639175415039,648900,0.0,0.0
2007-11-29,15.174645397027573,15.339785161711376,15.064550470672215,15.128771781921387,615200,0.0,0.0
2007-11-30,15.312261217494525,16.18383881891183,15.312261217494525,15.651717185974121,1535300,0.0,0.0
2007-12-03,15.72511024868192,15.954473008434686,15.587492942810059,15.587492942810059,689200,0.0,0.0
2007-12-04,15.440707522185317,15.605849059839663,15.31226488174293,15.367311477661133,386100,0.0,0.0
2007-12-05,15.679245948791502,15.982004867496729,15.624199349908688,15.679245948791504,730900,0.0,0.0
2007-12-06,15.752937404480031,16.683374248290125,15.642389704669611,16.64652442932129,836300,0.07,0.0
2007-12-07,16.6465316658845,16.6465316658845,16.305679477728273,16.425437927246094,422900,0.0,0.0
2007-12-10,16.499130366212086,16.655738598760177,16.103003556996544,16.563615798950195,301100,0.0,0.0
2007-12-11,16.572832798184606,16.664955623250627,15.854276871185743,15.909551620483398,760700,0.0,0.0
2007-12-12,16.250398712979933,16.582040076786445,16.093790486415326,16.268823623657227,708300,0.0,0.0
2007-12-13,16.213554060298605,16.37016231981596,15.70687945263819,16.05694580078125,1168400,0.0,0.0
2007-12-14,16.130638497607954,16.1674865577313,15.826634533932364,15.891119956970215,869900,0.0,0.0
2007-12-17,15.845062523311285,16.08457935342249,15.458148152760073,16.02009391784668,1130900,0.0,0.0
2007-12-18,16.195130833100645,16.195130833100645,15.587122646237567,15.918764114379883,758700,0.0,0.0
2007-12-19,15.87269832173818,16.20433971672166,15.82663779781108,16.103004455566406,630800,0.0,0.0
2007-12-20,16.250400915291355,16.37937355041504,15.891123893874612,16.37937355041504,497900,0.0,0.0
2007-12-21,16.637315565883032,16.701801005902134,16.545192755671547,16.554405212402344,1129700,0.0,0.0
2007-12-24,16.62810325814517,16.62810325814517,16.46228430679446,16.59125518798828,202200,0.0,0.0
2007-12-26,16.62810314814497,16.62810314814497,16.370161387463693,16.526769638061523,422600,0.0,0.0
2007-12-27,16.582043825084178,16.628104355092997,16.121431496609617,16.158281326293945,295400,0.0,0.0
2007-12-28,16.213554060298605,16.31488757615344,15.955610527829855,16.05694580078125,250400,0.0,0.0
2007-12-31,16.038520886227076,16.121431244624297,15.716091909915278,16.05694580078125,525700,0.0,0.0
2008-01-02,16.020094685542254,16.056944511692212,15.762152930878232,15.93718433380127,770300,0.0,0.0
2008-01-03,15.937179963441887,15.937179963441887,15.623963555444426,15.670025825500488,657800,0.0,0.0
2008-01-04,15.49499634969242,15.49499634969242,14.711956024490549,14.730380058288574,603800,0.0,0.0
2008-01-07,14.693533223291022,14.979113255851662,14.297407214962783,14.859353065490723,672900,0.0,0.0
2008-01-08,14.850141532042606,14.905414516825758,14.325042905313138,14.426377296447754,699100,0.0,0.0
2008-01-09,14.463227893889266,14.831718308141816,14.18686030283694,14.758020401000977,470800,0.0,0.0
2008-01-10,14.684318701669598,14.684318701669598,14.177645910246728,14.288192749023438,1064900,0.0,0.0
2008-01-11,14.159218211710783,14.573768995188653,13.919699668884277,13.919699668884277,1317900,0.0,0.0
2008-01-14,14.002612533956496,14.177645684814294,13.689396056462048,13.744669914245605,853300,0.0,0.0
2008-01-15,13.495941460136496,13.643338149642622,13.053754027263123,13.136664390563965,1110400,0.0,0.0
2008-01-16,13.118236923175916,13.4038169102672,12.841869392114582,12.851081848144531,1873800,0.0,0.0
2008-01-17,13.818369088473325,15.375239164428336,13.809156631562763,14.361891746520996,4301700,0.0,0.0
2008-01-18,14.398741478723938,14.951475745195658,14.288194625429593,14.748806953430176,1689600,0.0,0.0
2008-01-22,13.136665913488594,15.651609206245299,13.136665913488594,14.988327980041504,1413300,0.0,0.0
2008-01-23,14.435587809663371,15.808212087112743,14.315828520694561,15.725301742553711,1305800,0.0,0.0
2008-01-24,15.660817691823878,16.075369451210726,15.338388740867043,15.448936462402344,814300,0.0,0.0
2008-01-25,15.49500050518735,15.670033705224482,15.18178393968799,15.329179763793945,639600,0.0,0.0
2008-01-28,15.246265175838486,15.983245849609377,15.015959044740645,15.983245849609375,649600,0.0,0.0
2008-01-29,16.04773101526195,16.04773101526195,15.347600177649005,15.845062255859375,711600,0.0,0.0
2008-01-30,15.66082051974624,16.001674445357402,15.393664502767663,15.430514335632324,692100,0.0,0.0
2008-01-31,15.200207518261616,16.76629020783027,15.200207518261616,16.572832107543945,1476700,0.0,0.0
2008-02-01,16.58204112039364,16.637314098807988,14.463224579300377,15.83584976196289,3710600,0.0,0.0
2008-02-04,16.22276416393926,16.231976619879784,15.5594813929921,15.845062255859375,920000,0.0,0.0
2008-02-05,15.531848405979472,15.651606839243804,14.850142365090594,14.859353065490723,1030900,0.0,0.0
2008-02-06,14.914626748139504,15.015960259192637,14.260556369232024,14.297406196594238,1195700,0.0,0.0
2008-02-07,14.306617327772667,15.633180322165947,14.26055592355766,15.448936462402344,1471900,0.0,0.0
2008-02-08,15.448935745823073,15.559481705134415,14.555347708273452,14.6751070022583,960700,0.0,0.0
2008-02-11,14.721167741554828,15.292327730022658,14.54613546534888,15.218629837036133,1070600,0.0,0.0
2008-02-12,15.319963852688954,15.41208666126886,14.868564023453478,15.034384727478027,744000,0.0,0.0
2008-02-13,15.283118518367159,15.448939252064656,15.181783235086078,15.430514335632324,615500,0.0,0.0
2008-02-14,15.485782552419908,15.485782552419908,14.923836831297185,15.02517032623291,442000,0.0,0.0
2008-02-15,14.914623227936342,15.006746017502246,14.647467313904823,14.942258834838867,536700,0.0,0.0
2008-02-19,14.979111733600622,15.108082611255034,14.463225587338332,14.573772430419922,430900,0.0,0.0
2008-02-20,14.500075257910575,14.923839495338411,14.297406474764706,14.905414581298828,561300,0.0,0.0
2008-02-21,15.034386720747424,15.034386720747424,14.509288926449479,14.582986831665039,436900,0.0,0.0
2008-02-22,14.65668381350077,14.675108727918044,14.186859038439572,14.61062240600586,609300,0.0,0.0
2008-02-25,14.573771741975952,14.711955948211473,14.177645792616401,14.6751070022583,493600,0.0,0.0
2008-02-26,14.601408735790418,15.05280853177431,14.49086102221855,14.960685729980469,601700,0.0,0.0
2008-02-27,14.794866790162947,14.98832487254874,14.361891854684657,14.426377296447754,613900,0.0,0.0
2008-02-28,14.500071995214967,14.509284450161841,14.067097155288549,14.27897834777832,514300,0.0,0.0
2008-02-29,14.10395223839787,14.223710690666408,13.938131491336138,14.03946590423584,888300,0.0,0.0
2008-03-03,13.892063267721715,14.002610085410057,13.431451088079623,13.523573875427246,910300,0.0,0.0
2008-03-04,13.413027604031507,13.652545279504105,13.24720693147136,13.35775375366211,1032000,0.0,0.0
2008-03-05,13.459090270369515,13.76309429957871,13.357755886815845,13.449878692626953,634200,0.0,0.0
2008-03-06,13.376180911162045,13.578849679962783,13.173511263813113,13.532788276672363,1441100,0.0,0.0
2008-03-07,13.36696743596127,13.781518276881512,13.311693580516112,13.495938301086426,870600,0.0,0.0
2008-03-10,13.551213301696492,13.864429792408906,13.542000845252433,13.578849792480469,910900,0.0,0.0
2008-03-11,13.986120941265158,14.54149341583252,13.902815864546247,14.54149341583252,1031200,0.07,0.0
2008-03-12,14.51372542899851,14.708105711806178,13.912071752336571,13.976865768432617,997500,0.0,0.0
2008-03-13,13.893564491151398,14.300837139580288,13.745465346268166,14.226787567138672,907800,0.0,0.0
2008-03-14,14.226780462783266,14.337854765979078,13.55107823099039,13.754714012145996,885700,0.0,0.0
2008-03-17,13.967609156139739,14.745130276338882,13.967609156139739,14.134221076965332,1575800,0.0,0.0
2008-03-18,14.35637181554305,14.680338407838867,13.986123146538802,14.485958099365234,1041100,0.0,0.0
2008-03-19,14.513726581106695,14.809924794520201,13.949097633361818,13.949097633361816,930900,0.0,0.0
2008-03-20,13.986122437056073,14.53223855614741,13.912072883559652,14.208271980285645,1678100,0.0,0.0
2008-03-24,14.2545541775071,14.624802876777414,14.245298644149171,14.45819091796875,753500,0.0,0.0
2008-03-25,14.43041899080946,14.467443763324281,14.161989169391962,14.29157543182373,536100,0.0,0.0
2008-03-26,14.189757750562329,14.31934489776599,13.828765550827981,14.26380729675293,1223200,0.0,0.0
2008-03-27,14.291574838925266,14.347112436763576,14.050914268933052,14.115707397460938,910300,0.0,0.0
2008-03-28,14.11571082465169,14.365628751492055,14.087942460360667,14.171248435974121,600700,0.0,0.0
2008-03-31,14.282320371301113,14.439675880358447,13.551080427986538,13.588105201721191,1283900,0.0,0.0
2008-04-01,13.560339121686562,13.986124560299938,13.514058805780682,13.791744232177734,1083000,0.0,0.0
2008-04-02,13.726951495855758,13.782489112446898,13.143810493980897,13.24562931060791,1895500,0.0,0.0
2008-04-03,13.236370313109939,13.495543746938273,12.977196879281605,13.208601951599121,997100,0.0,0.0
2008-04-04,13.264138726710543,13.412237832336906,13.014221706651128,13.199345588684082,696800,0.0,0.0
2008-04-07,13.338187390149583,13.912071827555978,13.291906202042243,13.708436012268066,858300,0.0,0.0
2008-04-08,13.652902376446287,13.8750510846121,13.19009212639726,13.310422897338867,976400,0.0,0.0
2008-04-09,13.301163607807595,13.495543906157197,13.162320915875155,13.180832862854004,948200,0.0,0.0
2008-04-10,13.180832616964937,13.819511106516325,13.180832616964937,13.477031707763672,775400,0.0,0.0
2008-04-11,13.35670098825657,13.421494125696833,13.014221588909002,13.088271141052246,664300,0.0,0.0
2008-04-14,13.004963897129418,13.19934417310252,12.801327207362311,12.866120338439941,739100,0.0,0.0
2008-04-15,12.967938940599405,13.116038028240252,12.736533895475533,12.764302253723145,2192200,0.0,0.0
2008-04-16,12.81058682160444,13.45852094247371,12.782818456025302,13.449264526367188,1267300,0.0,0.0
2008-04-17,13.430752080914912,13.430752080914912,12.995710250118595,13.134552955627441,3995900,0.0,0.0
2008-04-18,13.912072618309592,14.337857984166067,13.588106048624631,13.726948738098145,2378400,0.0,0.0
2008-04-21,13.643642905563176,13.671412149923345,13.134551567917324,13.199345588684082,1181100,0.0,0.0
2008-04-22,13.153062986872696,13.301162076615972,12.819840034950323,12.866120338439941,1390700,0.0,0.0
2008-04-23,12.903149223625563,13.134554345792553,12.708768885695672,12.829099655151367,965500,0.0,0.0
2008-04-24,12.82909633385024,13.3104192870642,12.755046784546593,13.153063774108887,741200,0.0,0.0
2008-04-25,13.190090184186385,13.347445716652048,12.995709872478233,13.319677352905273,668600,0.0,0.0
2008-04-28,13.264140128111984,13.384470884831833,13.05124786196637,13.134552955627441,930000,0.0,0.0
2008-04-29,13.199348110572037,13.393728444530325,13.12529854361083,13.24562931060791,723100,0.0,0.0
2008-04-30,13.245629482386045,13.245629482386045,12.625463688987857,12.718025207519531,1742100,0.0,0.0
2008-05-01,12.718022704587556,13.264138822587482,12.625461204272167,12.930915832519531,1606200,0.0,0.0
2008-05-02,13.597363874398155,13.597363874398155,12.875380178407747,12.921661376953125,1284200,0.0,0.0
2008-05-05,12.958684641299246,13.097527337931318,12.643973587343526,12.995709419250488,1584500,0.0,0.0
2008-05-06,12.912404167950273,13.060503288010716,12.792073412216066,13.023478507995605,1726900,0.0,0.0
2008-05-07,13.023479307560606,13.069760506105984,12.875380178407747,12.921661376953125,1543500,0.0,0.0
2008-05-08,12.995711625588555,13.004968042332951,12.588438998980466,12.829099655151367,1577600,0.0,0.0
2008-05-09,12.579177394724198,12.727276470598195,12.366284311100237,12.514384269714355,1014600,0.0,0.0
2008-05-12,12.523643828551068,12.70876773294487,12.375544705036026,12.606949806213379,1024200,0.0,0.0
2008-05-13,12.532898889870934,12.690254412283414,12.218187845045971,12.403311729431152,1319900,0.0,0.0
2008-05-14,12.310749488724714,13.171575720064668,12.310749488724714,13.153063774108887,1493500,0.0,0.0
2008-05-15,13.116039486387438,13.116039486387438,12.773560087458529,12.958683967590332,914200,0.0,0.0
2008-05-16,13.18083424056301,13.254883801698952,12.45885057811739,12.625462532043457,785900,0.0,0.0
2008-05-19,12.653231428969152,12.653231428969152,12.153396428908692,12.171908378601074,1061800,0.0,0.0
2008-05-20,12.153392348717096,12.255210244693533,12.033061626523049,12.208929061889648,768100,0.0,0.0
2008-05-21,12.255212123584073,12.329261674327038,11.792401990070411,11.829426765441895,1058100,0.0,0.0
2008-05-22,11.829423948236705,11.875705127114154,11.375870337265845,11.431407928466797,1409300,0.0,0.0
2008-05-23,11.440665671351937,11.690583555995032,11.20000508356332,11.644302368164062,904400,0.0,0.0
2008-05-27,11.74612392626239,11.90347948415457,11.505463263668917,11.792405128479004,1030000,0.0,0.0
2008-05-28,11.773889419569711,11.820170607015566,11.449921990188962,11.7831449508667,936600,0.0,0.0
2008-05-29,11.625795465764044,11.931250202113599,11.625795465764044,11.857200622558594,685800,0.0,0.0
2008-05-30,11.847940153637353,11.884964930756144,11.653559853078619,11.755377769470215,750000,0.0,0.0
2008-06-02,11.746121508710942,11.746121508710942,11.394386562834935,11.477691650390625,970700,0.0,0.0
2008-06-03,11.5332277476802,11.65355847982156,11.477690147176414,11.551739692687988,910800,0.0,0.0
2008-06-04,11.5609982445687,11.681328998963151,11.44992390576006,11.52397346496582,543800,0.0,0.0
2008-06-05,11.55173908045056,11.792400531978322,11.486945952246996,11.77388858795166,775900,0.0,0.0
2008-06-06,11.6813279945079,11.792402323765467,11.542485303621016,11.662816047668457,1101600,0.0,0.0
2008-06-09,11.81174297690073,11.81174297690073,11.495274633109187,11.523198127746582,984800,0.07,0.0
2008-06-10,11.495272905425525,11.672122861778519,11.495272905425525,11.64419937133789,964300,0.0,0.0
2008-06-11,11.672124084060997,11.746587324814827,11.569737349942443,11.634892463684082,1119300,0.0,0.0
2008-06-12,11.346347343704215,11.523198215657997,11.16949735942233,11.458043098449707,2575600,0.0,0.0
2008-06-13,11.625584527052236,11.634892654216857,11.197420441870182,11.43942642211914,1471700,0.0,0.0
2008-06-16,11.402189322885201,11.7838134765625,11.309109871303278,11.7838134765625,1154500,0.0,0.0
2008-06-17,11.681428776210725,11.690736900485911,11.355651527951911,11.495270729064941,1245100,0.0,0.0
2008-06-18,11.458044114529375,11.458044114529375,11.085726970262382,11.23465347290039,1367300,0.0,0.0
2008-06-19,11.234651467437018,11.364962577819824,11.057801499041327,11.364962577819824,1000000,0.0,0.0
2008-06-20,11.327730085036839,11.346345449271725,11.122955752422595,11.299806594848633,1113800,0.0,0.0
2008-06-23,11.355655939343645,11.411503819018696,11.234652939774314,11.25326919555664,888100,0.0,0.0
2008-06-24,11.188111136437698,11.448732435219029,11.057800043211182,11.225342750549316,962800,0.0,0.0
2008-06-25,11.197423790940345,11.504584977867657,11.169500288766624,11.32773494720459,795100,0.0,0.0
2008-06-26,11.141573217909574,11.281191571730076,10.983338610154686,11.132265090942383,1038800,0.0,0.0
2008-06-27,11.14157243625588,11.14157243625588,10.769255372735257,10.936798095703125,1506900,0.0,0.0
2008-06-30,11.299805700671184,11.420808665473846,10.80648571624379,11.011260032653809,1116600,0.0,0.0
2008-07-01,10.992644313761039,10.992644313761039,10.5272487200614,10.927488327026367,1338700,0.0,0.0
2008-07-02,10.908878272742164,10.964725274063175,10.275939673290178,10.285247802734375,907000,0.0,0.0
2008-07-03,10.331786958416787,10.490021599031374,10.248015573659414,10.303862571716309,372200,0.0,0.0
2008-07-07,10.369015192705668,10.564481397275392,10.359707066851932,10.41555404663086,752600,0.0,0.0
2008-07-08,10.452784558943595,10.704098604434446,10.322474361434246,10.676175117492676,823100,0.0,0.0
2008-07-09,10.685483824511897,10.694791950663394,10.424862505972325,10.564481735229492,1119600,0.0,0.0
2008-07-10,10.54586842223802,10.573791920803496,10.20147564769042,10.248015403747559,1523800,0.0,0.0
2008-07-11,10.192167159542088,10.452788541531048,9.894314151554704,10.322478294372559,849000,0.0,0.0
2008-07-14,10.40624740086806,10.741331961632934,10.154933314540562,10.713408470153809,1350100,0.0,0.0
2008-07-15,10.638947486877441,10.890260738740512,10.080472213025322,10.638947486877441,1387100,0.0,0.0
2008-07-16,10.676176358724337,11.337038210990155,10.555173384346455,11.299806594848633,872600,0.0,0.0
2008-07-17,11.337039671799149,11.727972135493731,11.104341819012939,11.597661018371582,986800,0.0,0.0
2008-07-18,11.821048108514214,12.332983448042775,11.64419817040083,12.286443710327148,1702400,0.0,0.0
2008-07-21,12.258522490681047,12.38883360285896,11.858281915019614,11.895513534545898,1228500,0.0,0.0
2008-07-22,11.86758585415146,12.407444590620708,11.737274787955895,12.388829231262207,817100,0.0,0.0
2008-07-23,12.370217211079638,12.882152639601404,12.332985591969246,12.816997528076172,1007900,0.0,0.0
2008-07-24,12.863534344911379,12.947305696534142,12.31436738442587,12.40744686126709,920600,0.0,0.0
2008-07-25,12.47260412026588,12.640146852497002,12.323677641692363,12.62153148651123,869000,0.0,0.0
2008-07-28,12.565686861710253,12.63084199101221,12.239909439856348,12.481915473937988,845300,0.0,0.0
2008-07-29,12.444679442865137,12.761148623545658,12.379524336609178,12.723917007446289,810600,0.0,0.0
2008-07-30,12.65876397475184,12.75184258641108,12.453989608826484,12.686687469482422,1216700,0.0,0.0
2008-07-31,12.444678568419667,12.444678568419667,11.569735207727904,11.802433013916016,2179600,0.0,0.0
2008-08-01,11.718662313133771,12.528450617166179,11.485964494009341,12.444679260253906,1297500,0.0,0.0
2008-08-04,12.416756548183756,12.677377873378065,11.960669007175767,12.640146255493164,1198200,0.0,0.0
2008-08-05,12.742535708124745,12.938001965744633,12.668072456428785,12.928694725036621,940700,0.0,0.0
2008-08-06,12.88215133927087,12.919382954623085,12.621530031805358,12.891459465026855,547600,0.0,0.0
2008-08-07,12.779764600643595,12.937999198572374,12.574991146112533,12.640146255493164,678000,0.0,0.0
2008-08-08,12.695995127002652,13.301009187244501,12.630839124813876,13.04969596862793,1276700,0.0,0.0
2008-08-11,13.04969814780239,13.487169543572147,12.891463510976049,13.384782791137695,751200,0.0,0.0
2008-08-12,13.422013554008863,13.496476803289116,13.180007550012066,13.319626808166504,614200,0.0,0.0
2008-08-13,13.263776435165367,13.394087540756903,12.826304262089005,13.180005073547363,605600,0.0,0.0
2008-08-14,13.077618515737171,13.468550949885802,12.928692043237081,13.301008224487305,454200,0.0,0.0
2008-08-15,13.375473224208527,13.496476220986276,12.965925370836999,13.086928367614746,583300,0.0,0.0
2008-08-18,13.124161988040798,13.496478275042106,13.021774343361402,13.114853858947754,499700,0.0,0.0
2008-08-19,13.031079583110866,13.086927457614099,12.621531758217282,12.705302238464355,460800,0.0,0.0
2008-08-20,12.807688365587808,12.965922955928068,12.565682417106029,12.723917007446289,471900,0.0,0.0
2008-08-21,12.59360262256329,12.751837171632365,12.258518165066642,12.388829231262207,508100,0.0,0.0
2008-08-22,12.388829575062339,12.705297794311223,12.15613180675868,12.630834579467773,669500,0.0,0.0
2008-08-25,12.602913492729828,12.602913492729828,12.249212711118384,12.360907554626465,454100,0.0,0.0
2008-08-26,12.398138754031,12.686684422519951,12.211980687750232,12.565681457519531,608000,0.0,0.0
2008-08-27,12.565684851378201,12.68668784906025,12.379526734818093,12.54706859588623,342500,0.0,0.0
2008-08-28,12.528451569618257,12.826304516686285,12.40744858795392,12.761149406433105,254000,0.0,0.0
2008-08-29,12.723917617652138,12.742532982758695,12.509835149060113,12.640146255493164,374400,0.0,0.0
2008-09-02,12.789073147989512,13.198621845875653,12.612223179133101,12.816997528076172,431800,0.0,0.0
2008-09-03,12.733227094774493,13.235854433374966,12.733227094774493,13.06831169128418,439900,0.0,0.0
2008-09-04,12.956619770263865,12.956619770263865,12.528455578028888,12.751845359802246,575800,0.0,0.0
2008-09-05,12.621532313713445,13.012463901754264,12.519144687229897,13.003156661987305,549200,0.0,0.0
2008-09-08,13.031080421332922,13.701250520121034,13.031080421332922,13.65471076965332,1023400,0.0,0.0
2008-09-09,13.543011039355251,13.840863915147951,13.40339183807373,13.40339183807373,1031800,0.0,0.0
2008-09-10,13.552323070775714,14.045642260449167,13.31031709558804,13.812944412231445,819800,0.0,0.0
2008-09-11,13.589556729314113,13.66401998089896,13.226547712084004,13.43132209777832,801600,0.0,0.0
2008-09-12,13.319626233493821,13.356857856527597,12.965925370836999,13.086928367614746,647300,0.0,0.0
2008-09-15,12.574992712311332,13.077620060194969,12.426066222223128,12.556376457214355,639800,0.0,0.0
2008-09-16,12.434740851545508,12.808999061584473,11.976274321172289,12.808999061584473,993500,0.07,0.0
2008-09-17,12.696721065806715,12.706077743740563,11.985630496570696,12.144689559936523,1016500,0.0,0.0
2008-09-18,12.406672423827963,13.473308830057094,12.13533498283785,13.32360553741455,1794800,0.0,0.0
2008-09-19,14.025340398268078,14.45573781099241,13.58558719897518,14.24053955078125,2041300,0.0,0.0
2008-09-22,14.156332844901861,14.221827819883877,13.389102935791016,13.389102935791016,482800,0.0,0.0
2008-09-23,13.332963256224426,13.679152370537864,13.173903272309865,13.230042457580566,831300,0.0,0.0
2008-09-24,13.239397744209208,13.295536927356935,13.014842796222391,13.070981979370117,494400,0.0,0.0
2008-09-25,13.136477931199623,13.735292062884985,12.921279646371795,13.389102935791016,868500,0.0,0.0
2008-09-26,13.192616582544739,13.707221466156494,13.042912386479093,13.64172649383545,395700,0.0,0.0
2008-09-29,13.435884743260884,13.5668755874025,12.809001455079494,12.968061447143555,1151400,0.0,0.0
2008-09-30,13.201971837309763,13.351676027337179,12.865139417427663,13.164546012878418,496400,0.0,0.0
2008-10-01,13.024198884110891,13.173902175971614,12.715435621572652,13.052268028259277,366400,0.0,0.0
2008-10-02,12.977416434841935,12.977416434841935,12.079195787740954,12.135334968566895,534300,0.0,0.0
2008-10-03,12.350530413708176,12.472164534192112,11.564587415074616,11.573944091796875,519100,0.0,0.0
2008-10-06,11.27454021509465,11.555234336375822,10.66636947026844,11.124836921691895,842300,0.0,0.0
2008-10-07,11.311963362947514,11.311963362947514,10.825426882161821,10.928348541259766,736500,0.0,0.0
2008-10-08,10.58216340358256,11.340036647384562,10.544737575398537,10.91899585723877,1029800,0.0,0.0
2008-10-09,10.993844103545701,11.11547823049094,10.020771980285645,10.020771980285645,991700,0.0,0.0
2008-10-10,9.646513482045886,10.816071325090636,9.150620314137603,10.59151554107666,1253700,0.0,0.0
2008-10-13,11.162262487640572,11.40552988765929,10.881568372832211,11.227757453918457,674000,0.0,0.0
2008-10-14,11.60201532656282,11.60201532656282,10.741220543178265,11.106122970581055,1229200,0.0,0.0
2008-10-15,9.35646295457975,9.730721115842204,8.841857313617496,8.869926452636719,2147700,0.0,0.0
2008-10-16,8.804430286687479,9.56230407439685,8.467597987873157,9.534234046936035,1392500,0.0,0.0
2008-10-17,9.225472957499669,9.375177127377757,8.823145622089193,8.879283905029297,740700,0.0,0.0
2008-10-20,9.000918912192214,9.066413879394531,8.673443183878618,9.066413879394531,392500,0.0,0.0
2008-10-21,8.954139501725557,9.234833717404275,8.860575358034195,9.010278701782227,441600,0.0,0.0
2008-10-22,8.776362358472026,9.131908057822278,8.701510726219535,8.869926452636719,720600,0.0,0.0
2008-10-23,8.935425740706062,9.13191157410198,8.514384924086862,8.982208251953125,798300,0.0,0.0
2008-10-24,8.42081722993312,9.11319532135294,8.42081722993312,8.795075416564941,713600,0.0,0.0
2008-10-27,8.72022155345953,8.9728464341816,8.45824088968609,8.579874992370605,536800,0.0,0.0
2008-10-28,8.729583831084968,9.50617053773395,8.430177166054685,9.450032234191895,731400,0.0,0.0
2008-10-29,9.468739741437247,9.88978036651751,9.234828183914681,9.365818977355957,773500,0.0,0.0
2008-10-30,9.693295065586819,9.917850849222274,9.37517608234841,9.852355003356934,490400,0.0,0.0
2008-10-31,9.075768169855058,9.983345254531095,8.57987592231737,9.786859512329102,1222900,0.0,0.0
2008-11-03,9.777508429680253,9.777508429680253,9.290972580162302,9.431319236755371,629800,0.0,0.0
2008-11-04,9.590377190658238,9.730723817015328,9.309683045641968,9.665228843688965,282100,0.0,0.0
2008-11-05,9.55295069746385,9.81493146478834,9.412604080901234,9.468742370605469,417200,0.0,0.0
2008-11-06,9.403249598667637,9.581022080665536,9.13191208890101,9.31904125213623,562400,0.0,0.0
2008-11-07,9.450030399052102,9.627802848815916,9.225474551584556,9.627802848815918,408800,0.0,0.0
2008-11-10,9.665225485448273,9.833642092401089,9.27225399742622,9.365818977355957,437000,0.0,0.0
2008-11-11,9.403245750659199,9.674583149388782,9.216116664001188,9.272254943847656,686200,0.0,0.0
2008-11-12,9.131906345976606,9.24418377330808,8.551805858613156,8.579874992370605,519000,0.0,0.0
2008-11-13,8.664085992159693,9.599732404471487,8.476956888157725,9.552949905395508,887700,0.0,0.0
2008-11-14,9.82429056547975,9.82429056547975,9.141268887803854,9.450032234191895,981400,0.0,0.0
2008-11-17,9.356463763757672,9.478097899762751,8.93542307284896,8.972848892211914,462100,0.0,0.0
2008-11-18,9.028985428928475,9.216115381854829,8.48631070696624,8.916707992553711,556300,0.0,0.0
2008-11-19,8.916712389185655,9.038346561642182,8.027848243713379,8.027848243713379,572200,0.0,0.0
2008-11-20,8.02784569485422,8.402103881814035,7.36353674377412,7.391606330871582,585100,0.0,0.0
2008-11-21,7.260616992166047,8.25240177400969,7.064131193151433,8.233689308166504,828000,0.0,0.0
2008-11-24,8.243044143269161,8.954134639977754,8.018488357269883,8.692153930664062,566800,0.0,0.0
2008-11-25,8.767006694614311,8.954135796873038,8.280471028741623,8.776363372802734,705100,0.0,0.0
2008-11-26,8.523735771829816,9.27225284100878,8.38338921174074,9.188044548034668,623900,0.0,0.0
2008-11-28,9.150620577948603,9.421957969665527,9.066412268053377,9.421957969665527,237600,0.0,0.0
2008-12-01,9.318319721320321,9.318319721320321,8.347857094610472,8.394967079162598,480000,0.07,0.0
2008-12-02,8.564559892567846,8.950860023498535,8.451496505359932,8.950860023498535,543700,0.0,0.0
2008-12-03,8.734154942537394,9.120455052233176,8.583402869332419,8.988547325134277,847500,0.0,0.0
2008-12-04,8.809529509945662,9.167563059031117,8.592824047554176,8.828372955322266,710800,0.0,0.0
2008-12-05,8.724736531405968,9.44080581832897,8.479765317687846,9.393695831298828,546300,0.0,0.0
2008-12-08,9.572707082792737,9.676349173111483,9.252360437348866,9.4125337600708,766600,0.0,0.0
2008-12-09,9.327737333903803,9.544442818266297,8.884905989357076,8.979125022888184,641500,0.0,0.0
2008-12-10,9.101615502127975,9.384274552828195,9.007396417593469,9.30889892578125,426300,0.0,0.0
2008-12-11,9.111033885082026,9.421958441776823,8.809531502480521,8.913172721862793,415200,0.0,0.0
2008-12-12,8.67762455606922,9.186410322610332,8.592826778554358,9.139300346374512,487800,0.0,0.0
2008-12-15,9.13930224537321,9.327741290923,8.479765136674818,8.658782005310059,500700,0.0,0.0
2008-12-16,8.7906900334417,9.34658590734255,8.705892235924855,9.318320274353027,707000,0.0,0.0
2008-12-17,9.016815071743748,9.478491776170785,8.743578278616607,9.403115272521973,603700,0.0,0.0
2008-12-18,9.111033334547738,9.111033334547738,7.933288600490873,8.168837547302246,1250900,0.0,0.0
2008-12-19,8.281905052877987,8.470344124336002,7.933292546043567,7.989823818206787,1144500,0.0,0.0
2008-12-22,7.942713427011148,8.074620306213902,7.773117841123921,7.999244689941406,594300,0.0,0.0
2008-12-23,8.055773140596797,8.215946476030426,7.9332875959388565,8.008663177490234,473600,0.0,0.0
2008-12-24,8.065200239994175,8.121731511419007,8.008668070020985,8.01809024810791,205200,0.0,0.0
2008-12-26,8.01808665287079,8.310166854212486,7.933288885207731,8.272479057312012,252200,0.0,0.0
2008-12-29,8.281900496386807,8.281900496386807,7.989819422411191,8.055773735046387,342000,0.0,0.0
2008-12-30,8.168836969597194,8.43265151977539,8.036929245234168,8.43265151977539,480800,0.0,0.0
2008-12-31,8.460917278511273,8.866061732552176,8.310166104509413,8.752998352050781,489000,0.0,0.0
2009-01-02,8.790690035089547,9.214678124204976,8.677626604561985,9.158146858215332,400300,0.0,0.0
2009-01-05,9.120457220071701,9.24294280323112,8.903751681082545,9.167566299438477,455700,0.0,0.0
2009-01-06,9.412535528088886,9.685772265488783,8.470339757944704,9.553865432739258,592000,0.0,0.0
2009-01-07,9.308898034354227,9.71404266484587,9.233522414525307,9.393695831298828,663700,0.0,0.0
2009-01-08,9.384270301711222,9.450223720863013,9.129877001757835,9.431380271911621,323200,0.0,0.0
2009-01-09,9.403117782237318,9.403117782237318,8.837800593097347,8.884910583496094,618400,0.0,0.0
2009-01-12,8.696469558164164,9.016816375433384,8.668203926801652,8.715313911437988,434600,0.0,0.0
2009-01-13,8.752999104002322,8.960282435336087,8.583403569406702,8.734155654907227,328100,0.0,0.0
2009-01-14,8.385545797554174,8.70589264844224,8.178263281078154,8.31017017364502,652400,0.0,0.0
2009-01-15,8.32901352507006,8.630515984369108,7.989822359810424,8.5457181930542,553100,0.0,0.0
2009-01-16,8.639939894508883,8.856644605975967,8.244217388000965,8.526876449584961,486600,0.0,0.0
2009-01-20,8.47034090186901,8.47034090186901,7.905023902564866,7.933289527893066,507100,0.0,0.0
2009-01-21,8.225368209647165,8.48918365837322,8.084039210974382,8.43265151977539,887200,0.0,0.0
2009-01-22,8.187685863690232,8.555142762660209,7.999246773916574,8.338438034057617,459300,0.0,0.0
2009-01-23,8.14057258053283,8.47034059348383,8.084040433386603,8.225369453430176,520700,0.0,0.0
2009-01-26,8.225366503010306,8.6964642655712,8.102881875466428,8.29132080078125,473100,0.0,0.0
2009-01-27,8.291327992618827,8.630518352396757,8.20653017803723,8.253640174865723,506500,0.0,0.0
2009-01-28,8.432653822331082,8.63051501362815,7.735429014350212,7.829648971557617,923400,0.0,0.0
2009-01-29,7.754271456874338,7.8296479519533335,7.358549575086546,7.396237373352051,759400,0.0,0.0
2009-01-30,7.4527686985525605,7.546988638784888,7.1512663274858195,7.17011022567749,681800,0.0,0.0
2009-02-02,7.0664698704195015,7.292596690621378,6.972250362002052,7.123001575469971,660300,0.0,0.0
2009-02-03,7.028782018437381,7.320862717148301,7.0193598430237785,7.1983771324157715,571300,0.0,0.0
2009-02-04,7.2172207370676205,7.518723598788949,7.085313431621929,7.292596340179443,693600,0.0,0.0
2009-02-05,7.273753193187365,7.3962387855743925,7.066470263148925,7.23606538772583,579400,0.0,0.0
2009-02-06,7.217220451655874,7.89560175138313,7.207798726276504,7.66005277633667,654600,0.0,0.0
2009-02-09,7.546990704234556,7.584678510932244,7.104158301625581,7.415082931518555,467300,0.0,0.0
2009-02-10,7.41508227620109,7.5375678617808015,7.019359891573749,7.123001575469971,759700,0.0,0.0
2009-02-11,7.160689885905749,7.2925972070309095,6.953406952709067,7.0853142738342285,499300,0.0,0.0
2009-02-12,6.991096423507407,7.113582046927696,6.774391262561585,7.066472053527832,514200,0.0,0.0
2009-02-13,7.094734769500385,7.292595479685211,7.038202624563029,7.104156494140625,436700,0.0,0.0
2009-02-17,6.98167069626837,7.000514594194945,6.736700023222901,6.812075614929199,536800,0.0,0.0
2009-02-18,6.812077369447624,6.934562962154726,6.595372262840474,6.878031253814697,582000,0.0,0.0
2009-02-19,6.906296502430652,6.9910942849007105,6.623637976320549,6.689591407775879,411600,0.0,0.0
2009-02-20,6.538840600686153,6.595372309425481,6.209072075069695,6.4446210861206055,852400,0.0,0.0
2009-02-23,6.510574192705876,6.519996368323379,5.9829444885253915,5.982944488525391,862700,0.0,0.0
2009-02-24,6.058319385904161,6.519995603717155,5.926412087646452,6.435197830200195,599500,0.0,0.0
2009-02-25,6.322134639174978,6.435198041392129,6.067741759549378,6.256180763244629,552300,0.0,0.0
2009-02-26,6.435198001750533,6.519995777528043,6.284446799722978,6.369244575500488,639200,0.0,0.0
2009-02-27,6.2467604979983244,6.567106879167432,6.171384878899711,6.378667831420898,1144500,0.0,0.0
2009-03-02,6.246759249260753,6.246759249260753,5.8981468559808,5.916990756988525,552300,0.0,0.0
2009-03-03,6.011210191620211,6.199649199490361,5.747395131327968,6.030054092407227,756600,0.0,0.0
2009-03-04,6.020632342030551,6.27502524523539,5.879302851522516,6.1054301261901855,611600,0.0,0.0
2009-03-05,5.973522389706005,6.001788016247902,5.558956123141251,5.596643924713135,441800,0.0,0.0
2009-03-06,5.681442084466167,5.822771125215711,5.3610953003158635,5.549534320831299,368600,0.0,0.0
2009-03-09,5.474158763885498,5.869881159947545,5.455314861657499,5.474158763885498,576100,0.0,0.0
2009-03-10,5.606065420717245,5.982943870264609,5.558955895320084,5.813348770141602,733200,0.0,0.0
2009-03-11,5.813349420963103,6.180805737004437,5.75681771459321,5.90756893157959,685500,0.0,0.0
2009-03-12,5.888724809010481,6.161961604206643,5.596644112396446,6.086585998535156,497400,0.0,0.0
2009-03-13,6.105430075908556,6.105430075908556,5.851037174798785,5.982944488525391,401500,0.0,0.0
2009-03-16,5.9641003048021375,6.180805391752211,5.813349096236536,5.841614723205566,498800,0.0,0.0
2009-03-17,5.841614635263043,6.058319718950732,5.822770734476028,6.030054092407227,628800,0.0,0.0
2009-03-18,6.096006822685645,6.293867982936203,5.982943430906463,6.246758460998535,853600,0.0,0.0
2009-03-19,6.312711656058854,6.680168340125615,6.293867758102145,6.501151084899902,638500,0.0,0.0
2009-03-20,6.538839179623407,6.538839179623407,6.303290219763517,6.3315558433532715,1064600,0.0,0.0
2009-03-23,6.472886057491153,6.962827932673728,6.36924482664752,6.943984031677246,672200,0.0,0.0
2009-03-24,6.840341686456044,7.094734533101783,6.793231717002624,6.812075614929199,643200,0.0,0.0
2009-03-25,6.9910933551629775,7.4998790837723694,6.896873858989756,7.32086181640625,786800,0.0,0.0
2009-03-26,7.302020755576687,7.999245747554343,7.302020755576687,7.8861823081970215,1264700,0.0,0.0
2009-03-27,7.829649733696354,7.829649733696354,7.358551249624716,7.377395153045654,615700,0.0,0.0
2009-03-30,7.207799355292026,7.207799355292026,6.727279188611331,6.925140380859375,426900,0.0,0.0
2009-03-31,7.019360850513661,7.179534261342213,6.670748397106882,6.764967918395996,742700,0.0,0.0
2009-04-01,6.651903581902373,7.057047692600054,6.614215778547893,6.925140380859375,439600,0.0,0.0
2009-04-02,7.113578495147524,7.980398706131081,7.113578495147524,7.754271030426025,679900,0.0,0.0
2009-04-03,7.669475627055857,7.914445899801851,7.556412216892758,7.678896903991699,396500,0.0,0.0
2009-04-06,7.660052390089912,7.6977401882550724,7.367971729672915,7.433925151824951,608300,0.0,0.0
2009-04-07,7.33970752090284,7.38681750521354,7.047626786289175,7.151268482208252,505600,0.0,0.0
2009-04-08,7.179532413101808,7.462191353477848,7.132422889221801,7.443347454071045,598500,0.0,0.0
2009-04-09,7.6035212972163,7.867336819478309,7.518723964231003,7.678896903991699,777500,0.0,0.0
2009-04-13,7.60286804131045,7.60286804131045,7.393789369567562,7.593364238739014,368200,0.07,0.0
2009-04-14,7.517335304362491,7.583860559974685,7.222724234936312,7.317759990692139,448500,0.0,0.0
2009-04-15,7.251236236433002,7.46981873285124,7.165703817305688,7.355775356292725,518300,0.0,0.0
2009-04-16,7.355776493740957,7.479323239770124,7.203719239038208,7.422301769256592,1492000,0.0,0.0
2009-04-17,6.614495232193391,7.60286804131045,6.585984277645328,7.593364238739014,1256900,0.0,0.0
2009-04-20,7.479322027356382,7.479322027356382,6.823574542999268,6.823574542999268,941700,0.0,0.0
2009-04-21,6.852085241976575,7.289250215072139,6.7855599797520245,7.232228755950928,792400,0.0,0.0
2009-04-22,7.108682355609576,7.545847348446055,7.00414278258356,7.355775356292725,863300,0.0,0.0
2009-04-23,7.346270909310594,7.365278060372001,6.890098830670581,6.975631237030029,1115300,0.0,0.0
2009-04-24,7.061162584833854,7.270241681750151,6.975630638973722,7.09917688369751,712700,0.0,0.0
2009-04-27,6.9756330668678865,7.260740407577942,6.861589677417518,7.127690315246582,612500,0.0,0.0
2009-04-28,7.070668558794703,7.203718645700882,6.956625627160836,7.023150444030762,704700,0.0,0.0
2009-04-29,7.013645007249594,7.393788452814524,6.928112607376782,7.279745101928711,755100,0.0,0.0
2009-04-30,7.384284835416138,7.602867288074941,7.165702382757335,7.175206184387207,719800,0.0,0.0
2009-05-01,7.650386408084394,8.448687724591638,7.631378802294922,8.021025657653809,1980400,0.0,0.0
2009-05-04,8.059038672146903,8.08755007626466,7.830952877199134,7.8974785804748535,785000,0.0,0.0
2009-05-05,7.840458545215981,7.840458545215981,7.5363436263828865,7.5553507804870605,1237600,0.0,0.0
2009-05-06,7.792938757230927,7.802442558822043,7.28924905522307,7.327263355255127,797900,0.0,0.0
2009-05-07,7.47932235011337,7.47932235011337,6.8710929504841936,6.928114414215088,985200,0.0,0.0
2009-05-08,7.080170715860131,7.118185019994088,6.776056282788475,6.937617301940918,843400,0.0,0.0
2009-05-11,6.842582387604228,6.842582387604228,6.623999870749759,6.719036102294922,948000,0.0,0.0
2009-05-12,6.719034428017911,6.880594984420414,6.566976767335813,6.64300537109375,762900,0.0,0.0
2009-05-13,6.557472763154296,6.604990409171408,6.091796931923054,6.110804080963135,1267100,0.0,0.0
2009-05-14,6.27236480452715,6.433925790999988,6.158321915193203,6.177329063415527,831300,0.0,0.0
2009-05-15,6.177330896516228,6.490949161832752,6.177330896516228,6.319884777069092,1701600,0.0,0.0
2009-05-18,6.405416617264764,6.57648145184033,6.367402310284924,6.443431377410889,568200,0.0,0.0
2009-05-19,6.462438687399871,6.65251022690198,6.3578991140905625,6.500452995300293,933300,0.0,0.0
2009-05-20,6.5764827853014,6.785561516083751,6.51946131326985,6.585986137390137,1197000,0.0,0.0
2009-05-21,6.547971248046697,6.719036102294922,6.367403042543758,6.719036102294922,1580400,0.0,0.0
2009-05-22,6.738042740521922,6.738042740521922,6.329388245126132,6.36740255355835,590300,0.0,0.0
2009-05-26,6.319885572405399,6.728539658462808,6.2153459864218386,6.624000072479248,667400,0.0,0.0
2009-05-27,6.6620151082389745,6.6620151082389745,6.357900142669678,6.357900142669678,440800,0.0,0.0
2009-05-28,6.452933118518091,6.509954564769414,6.186833036011914,6.234350681304932,668100,0.0,0.0
2009-05-29,6.262862694289164,6.766552448272706,6.262862694289164,6.766552448272705,1468800,0.0,0.0
2009-06-01,6.823573696066667,7.22272432858256,6.785559393271462,7.1847100257873535,852500,0.0,0.0
2009-06-02,7.1561994324903475,7.526839106521188,7.099177525870622,7.317759990692139,1053900,0.0,0.0
2009-06-03,7.251236361768722,7.41279739928339,7.118185829011758,7.393790245056152,590100,0.0,0.0
2009-06-04,7.279745101928711,7.374781303194587,7.032652156869531,7.279745101928711,551100,0.0,0.0
2009-06-05,7.327265628876153,7.441308564359387,7.032654485627957,7.108683109283447,474300,0.0,0.0
2009-06-08,7.156199721547311,7.203717374761468,6.852084837678467,6.918610095977783,359300,0.0,0.0
2009-06-09,5.93023640647318,6.148818864266236,5.626121997833251,5.626121997833252,9029100,0.0,0.0
2009-06-10,5.882719516888494,5.882719516888494,5.654633227768357,5.711655139923096,9072200,0.0,0.0
2009-06-11,5.7401664752797545,5.892223721300515,5.683145008021969,5.844706058502197,2842100,0.0,0.0
2009-06-12,5.844705171619277,5.844705171619277,5.692647495505602,5.702151298522949,1833100,0.0,0.0
2009-06-15,5.702150692251207,5.721157843098729,5.43605012721968,5.493072032928467,1234000,0.0,0.0
2009-06-16,5.550094474620562,5.654633596330004,5.3125048200997,5.331511974334717,2150300,0.0,0.0
2009-06-17,5.388532031512567,5.388532031512567,5.103424339187576,5.1889567375183105,2226600,0.0,0.0
2009-06-18,5.226973497408584,5.226973497408584,5.017894756905456,5.027398109436035,1733300,0.0,0.0
2009-06-19,5.1034240552293975,5.1794526481081276,4.9988849666042245,5.093920707702637,2310900,0.0,0.0
2009-06-22,5.084419583573597,5.1604482164756735,4.837326526641846,4.837326526641846,1294800,0.0,0.0
2009-06-23,4.837326526641846,4.998887598141959,4.799312210190807,4.837326526641846,1414000,0.0,0.0
2009-06-24,4.980159696939775,5.018248835978605,4.865892279823283,4.9325480461120605,1135100,0.01,0.0
2009-06-25,4.932547284875815,4.980158928355661,4.770668695972561,4.8563690185546875,1337300,0.0,0.0
2009-06-26,4.837325903529053,5.1134724288366105,4.837325903529053,5.065861225128174,1897000,0.0,0.0
2009-06-29,5.037291375120601,5.1801258159732155,4.970635181640535,4.999202251434326,930500,0.0,0.0
2009-06-30,4.96111414138364,5.056336970054885,4.808757615509648,4.8278021812438965,1339900,0.0,0.0
2009-07-01,4.85636799461817,4.951590807442411,4.846845940364839,4.8658905029296875,1147300,0.0,0.0
2009-07-02,4.808756184627813,4.8468453047626054,4.637354689963122,4.656399250030518,2074800,0.0,0.0
2009-07-06,4.675444561958142,4.704011633682183,4.437387295804538,4.570699691772461,1120600,0.0,0.0
2009-07-07,4.66592307515116,4.923024935717741,4.66592307515116,4.780190467834473,2141100,0.0,0.0
2009-07-08,4.8182803893424335,4.9230257435185365,4.723057546481582,4.799235820770264,1660800,0.0,0.0
2009-07-09,4.827803305827209,4.913503644565143,4.7992362235423185,4.808758735656738,851800,0.0,0.0
2009-07-10,4.770668484041149,4.856368802816139,4.732578898514388,4.8278021812438965,827400,0.0,0.0
2009-07-13,4.8182790713237535,4.961113523572472,4.694489182437651,4.9515910148620605,1222100,0.0,0.0
2009-07-14,4.923025850502305,5.303917684281321,4.923025850502305,5.056337833404541,1407500,0.0,0.0
2009-07-15,5.094428115659857,5.189650981978478,5.065861482793492,5.142039775848389,961200,0.0,0.0
2009-07-16,5.142037252207684,5.399139092115158,5.122992688290768,5.380094528198242,1563200,0.0,0.0
2009-07-17,5.218215050802585,5.218215050802585,4.780189665022726,4.818278789520264,3099500,0.0,0.0
2009-07-20,4.856368729623347,4.932546991412223,4.770668412139991,4.780190467834473,1488800,0.0,0.0
2009-07-21,4.789714165486268,4.894459074394672,4.656401720234603,4.808758735656738,1350200,0.0,0.0
2009-07-22,4.799234887075473,4.846846526272183,4.694489553277654,4.742101192474365,1605700,0.0,0.0
2009-07-23,4.837324520953482,4.989681055768304,4.761146253546071,4.903980731964111,1800300,0.0,0.0
2009-07-24,4.88493704296174,5.065860687596438,4.88493704296174,5.018249034881592,1067200,0.0,0.0
2009-07-27,5.056337832670183,5.284873114527737,4.999204125720379,5.218216896057129,1263000,0.0,0.0
2009-07-28,5.475317906241807,5.580063245497531,5.322961379366768,5.370572566986084,2618900,0.0,0.0
2009-07-29,5.389618226297344,5.4753190170807615,5.284873319849122,5.408662796020508,1619400,0.0,0.0
2009-07-30,5.741943388426909,6.49420456587116,5.580064320409578,6.113312721252441,6432700,0.0,0.0
2009-07-31,6.094267609786713,6.227579584627965,5.8562102848267505,6.065700531005859,1749700,0.0,0.0
2009-08-03,6.246625554573127,6.32280384300988,6.160924753052573,6.284714698791504,953700,0.0,0.0
2009-08-04,6.2275795466110715,6.551337651878867,6.170445843456457,6.503726005554199,1670500,0.0,0.0
2009-08-05,6.560860321254223,6.5989494602467715,6.303758406025345,6.437070846557617,1416800,0.0,0.0
2009-08-06,6.4465920217230135,6.48468115550107,6.427547454833985,6.427547454833984,890300,0.0,0.0
2009-08-07,6.484681849151274,6.6465609120529585,6.427548142372739,6.6179938316345215,978100,0.0,0.0
2009-08-10,6.779873068852614,6.837006777100105,6.494204527615154,6.598949432373047,1365900,0.0,0.0
2009-08-11,6.684649013933606,6.684649013933606,6.379935504280222,6.6275153160095215,1419500,0.0,0.0
2009-08-12,6.646561145782471,6.88461849276027,6.570382867398912,6.646561145782471,1059000,0.0,0.0
2009-08-13,6.665604495623316,6.732260704040527,6.570381665068923,6.732260704040527,866400,0.0,0.0
2009-08-14,6.66560587052229,6.798917860796393,6.265669445641613,6.360892295837402,1658400,0.0,0.0
2009-08-17,6.179967092542244,6.360890689246975,6.160922527313232,6.160922527313232,876100,0.0,0.0
2009-08-18,6.208536410354751,6.379937559337445,6.189491838245562,6.284714698791504,626300,0.0,0.0
2009-08-19,6.275191582212966,6.284713639633607,6.113312519537011,6.189490795135498,558000,0.0,0.0
2009-08-20,6.246624152462429,6.275191231243283,6.037133906283319,6.065700531005859,836800,0.0,0.0
2009-08-21,6.208759734899826,6.4281163933753325,6.10384969253641,6.409041881561279,1286300,0.01,0.0
2009-08-24,6.504415939256682,6.637937543383106,6.380431365181706,6.389968395233154,897600,0.0,0.0
2009-08-25,6.428116319322703,6.647473430043425,6.409041807728388,6.561638355255127,837500,0.0,0.0
2009-08-26,6.561638876709104,6.647473958318723,6.494877853437388,6.609324932098389,358700,0.0,0.0
2009-08-27,6.599787355358396,6.676085401468769,6.437653779987741,6.628398895263672,444900,0.0,0.0
2009-08-28,6.628399476214918,6.85729408937991,6.590250449816131,6.790533065795898,742600,0.0,0.0
2009-08-31,6.780996471472377,6.8477570445657205,6.685623899358817,6.742847442626953,812700,0.0,0.0
2009-09-01,6.685624288587844,6.828682927700738,6.533027709549863,6.580714225769043,871300,0.0,0.0
2009-09-02,6.55210333142928,6.676087930716535,6.533028812675272,6.542566299438477,543000,0.0,0.0
2009-09-03,6.590251003343651,6.61886300293205,6.380431340527174,6.5234904289245605,311200,0.0,0.0
2009-09-04,6.533027709549863,6.590251256149485,6.437655131883827,6.580714225769043,323000,0.0,0.0
2009-09-08,6.628398895263673,6.666547918318859,6.5330263376257065,6.628398895263672,321300,0.0,0.0
2009-09-09,6.628400148493075,6.809608269652282,6.618863118312229,6.8000712394714355,528700,0.0,0.0
2009-09-10,6.800070536546429,6.924055099487305,6.676085973605554,6.924055099487305,696500,0.0,0.0
2009-09-11,6.914515844980876,7.229245458954392,6.876366828424822,7.152947425842285,864700,0.0,0.0
2009-09-14,7.124337286476899,7.448604466198948,6.981278664620483,7.419992923736572,1001800,0.0,0.0
2009-09-15,7.448604034777968,7.629812127375812,7.334156962012668,7.467678546905518,1505400,0.0,0.0
2009-09-16,7.572588623321511,7.572588623321511,7.152948899951677,7.267395973205566,779700,0.0,0.0
2009-09-17,7.229245458954392,7.3723044984256685,7.06711191120509,7.152947425842285,775000,0.0,0.0
2009-09-18,7.534440011594868,7.868244220921952,7.410455448059238,7.601200580596924,2427200,0.0,0.0
2009-09-21,7.543977441659787,7.629812983248466,7.391381327521952,7.439067840576172,881500,0.0,0.0
2009-09-22,7.496290206905646,7.515364718179311,7.267395616849452,7.362768173217773,785400,0.0,0.0
2009-09-23,7.362768560157737,7.563051166442895,7.2006354331970215,7.2006354331970215,679100,0.0,0.0
2009-09-24,7.210173735171134,7.305546313393174,7.000354063082645,7.057577610015869,933600,0.0,0.0
2009-09-25,7.057577762121997,7.133875826344018,7.000354213955481,7.019428730010986,589100,0.0,0.0
2009-09-28,7.019427948161286,7.3246201710559395,7.019427948161286,7.162487030029297,760200,0.0,0.0
2009-09-29,7.1338757549342064,7.257860335440078,7.057577691475926,7.2197113037109375,788200,0.0,0.0
2009-09-30,7.219709729791811,7.44860387026702,7.114799688021224,7.257858753204346,650500,0.0,0.0
2009-10-01,7.248321568041418,7.276933564163561,6.981278393171926,7.048038959503174,774000,0.0,0.0
2009-10-02,6.962204382466357,7.07665146565894,6.847756844501491,6.981278896331787,705100,0.0,0.0
2009-10-05,6.962204279027707,7.0957258741019675,6.924055251863633,7.067113876342773,626500,0.0,0.0
2009-10-06,7.105263445119024,7.267397050311419,7.009890869938882,7.114800930023193,1324700,0.0,0.0
2009-10-07,7.0575764431346375,7.305545105513453,7.038501930643959,7.048038959503174,503600,0.0,0.0
2009-10-08,7.076651207347491,7.343694391715925,7.076651207347491,7.172023773193359,879500,0.0,0.0
2009-10-09,7.181561289014016,7.629812577863711,7.095725751985923,7.601200580596924,1227500,0.0,0.0
2009-10-12,7.639352225816236,7.830097412384817,7.629814739101608,7.772873401641846,717500,0.0,0.0
2009-10-13,7.801483322919296,8.259271621704102,7.7061103059002125,8.259271621704102,1790900,0.0,0.0
2009-10-14,8.411869624737339,8.631227249699686,8.297422524144041,8.39279556274414,2303700,0.0,0.0
2009-10-15,8.373717662633654,8.43094164768949,8.173435079254808,8.34510612487793,1465200,0.0,0.0
2009-10-16,8.249735221097207,8.249735221097207,7.563052228001781,7.925468921661377,2751400,0.0,0.0
2009-10-19,7.696573522430059,7.696573522430059,7.1910986691537575,7.505828380584717,2011200,0.0,0.0
2009-10-20,7.448605633160343,7.601201762926061,7.334158535836055,7.543978214263916,826600,0.0,0.0
2009-10-21,7.553514225523088,7.772870891862774,7.391380641904841,7.429529666900635,1320400,0.0,0.0
2009-10-22,7.439067373816591,7.6679615306615245,7.34369435369227,7.620275020599365,719900,0.0,0.0
2009-10-23,7.629812983248466,7.744260068851843,7.305545785933273,7.439067840576172,891000,0.0,0.0
2009-10-26,7.439066601260936,7.629811712155948,7.248321035593707,7.381842613220215,953700,0.0,0.0
2009-10-27,7.429529580510204,7.534439625414869,7.2006354331970215,7.2006354331970215,724100,0.0,0.0
2009-10-28,7.200635349613254,7.238784373722624,6.780995629637947,6.838219165802002,1040100,0.0,0.0
2009-10-29,6.87636948400783,7.210173735171134,6.828682967510646,7.057577610015869,830800,0.0,0.0
2009-10-30,6.952667239344417,6.952667239344417,6.44719236971857,6.5234904289245605,1987700,0.0,0.0
2009-11-02,6.5330263604775425,6.685622908004281,6.361355756128718,6.561638355255127,1081900,0.0,0.0
2009-11-03,6.571175289976689,6.6570108183134025,6.437653710720196,6.647473335266113,535000,0.0,0.0
2009-11-04,6.409041219296271,6.599786772498751,6.18014710117992,6.199221611022949,2503000,0.0,0.0
2009-11-05,6.2659845947720525,6.504416270230728,6.180149046079784,6.428117752075195,1146100,0.0,0.0
2009-11-06,6.33274322926789,6.609323851532981,6.33274322926789,6.513951301574707,568200,0.0,0.0
2009-11-09,6.590248513464964,6.7428450289963715,6.4281149715221675,6.475801467895508,934300,0.0,0.0
2009-11-10,6.428117272493762,6.790533501297585,6.361356699400418,6.742847442626953,1625100,0.0,0.0
2009-11-11,6.847756448151575,7.086188085055112,6.847756448151575,6.9622039794921875,1353000,0.0,0.0
2009-11-12,6.9908154901447395,6.9908154901447395,6.637936778242868,6.714234828948975,1343500,0.0,0.0
2009-11-13,6.723771276489924,6.895441864122943,6.599786735813318,6.866829872131348,2147500,0.0,0.0
2009-11-16,6.914517587159719,7.028964665663916,6.904980103231571,6.99081563949585,1004000,0.0,0.0
2009-11-17,7.000352573168039,7.12433667108247,6.971740578404876,7.076650619506836,628100,0.0,0.0
2009-11-18,7.095751891130524,7.143502760061987,6.914299226731413,6.923849582672119,628300,0.01,0.0
2009-11-19,6.885648710285946,6.914298865840605,6.732846666298401,6.818797588348389,1060000,0.0,0.0
2009-11-20,6.799695553080883,6.837896054079076,6.723294551084496,6.780595302581787,608600,0.0,0.0
2009-11-23,6.866549026609089,7.000250826232398,6.790147998252913,6.9334001541137695,717700,0.0,0.0
2009-11-24,6.914299498504618,6.914299498504618,6.685096411551031,6.847448825836182,634000,0.0,0.0
2009-11-25,6.914299145353657,6.9238495011819605,6.837898120271345,6.8760986328125,232500,0.0,0.0
2009-11-27,6.685095050444064,6.790146671601968,6.627794290372287,6.694645404815674,314500,0.0,0.0
2009-11-30,6.6659961543048984,6.876098984012353,6.513194096335841,6.847448825836182,836300,0.0,0.0
2009-12-01,6.914297768994588,7.124401001533858,6.809246608110892,7.076650142669678,1093200,0.0,0.0
2009-12-02,7.05755001191781,7.210352489686904,6.971599102020264,6.971599102020264,556800,0.0,0.0
2009-12-03,6.856997530736782,6.990699763524796,6.675544890855314,6.704195499420166,998100,0.0,0.0
2009-12-04,6.876098632812501,6.914299145353657,6.704196326377299,6.8760986328125,547000,0.0,0.0
2009-12-07,6.856997129846957,7.009799607616051,6.856997129846957,6.971599102020264,538400,0.0,0.0
2009-12-08,6.923848671329193,6.942948925310524,6.780596538776221,6.837897300720215,480000,0.0,0.0
2009-12-09,6.82834870504604,6.856998863794749,6.732847416906906,6.809248447418213,550600,0.0,0.0
2009-12-10,6.88564818574541,7.0002497100058605,6.8378973229439,6.904748439788818,1048500,0.0,0.0
2009-12-11,6.9620489676966715,7.143501602697477,6.9524990686892405,7.048000335693359,512300,0.0,0.0
2009-12-14,7.076650043788203,7.18170165858996,6.904747773973818,6.962048530578613,1980900,0.0,0.0
2009-12-15,6.952499978416634,6.990700490216779,6.876098499430324,6.914299011230469,787700,0.0,0.0
2009-12-16,6.933399660957728,7.028900939610172,6.780597159727799,6.866548538208008,1044400,0.0,0.0
2009-12-17,6.8378982628106275,6.876098776148092,6.771047592163086,6.771047592163086,693700,0.0,0.0
2009-12-18,6.7901464727473035,7.219902388392876,6.76149586585749,6.971599102020264,7618900,0.0,0.0
2009-12-21,7.038449849950764,7.430005720439507,6.990699445032788,7.37270450592041,1096300,0.0,0.0
2009-12-22,7.353604469259454,7.506406953496745,7.324954316542814,7.3822550773620605,1162500,0.0,0.0
2009-12-23,7.3631548472347355,7.477756369238661,7.3154039853734485,7.449106216430664,414400,0.0,0.0
2009-12-24,7.439556948680246,7.458657205137747,7.3631559228502415,7.410906791687012,305900,0.0,0.0
2009-12-28,7.391806352120834,7.496857994199687,7.219904037671298,7.468207836151123,611200,0.0,0.0
2009-12-29,7.496856624989481,7.544607486864038,7.458656117644222,7.515956878662109,503000,0.0,0.0
2009-12-30,7.477757940250769,7.601909842864577,7.391806552997199,7.544609069824219,486900,0.0,0.0
2009-12-31,7.563706592617033,7.582806843390878,7.200801372528077,7.200801372528076,590000,0.0,0.0
2010-01-04,7.31540432530595,7.640109108124769,7.31540432530595,7.487307071685791,1000000,0.0,0.0
2010-01-05,7.515956657430674,7.592357669872335,7.410905493016368,7.439555644989014,774300,0.0,0.0
2010-01-06,7.410906134394716,7.697410411232468,7.410906134394716,7.668759346008301,1321400,0.0,0.0
2010-01-07,7.668758786876288,7.983913195188196,7.630558280134601,7.773810863494873,976900,0.0,0.0
2010-01-08,7.802462289151069,7.802462289151069,7.630559525374498,7.678310394287109,381000,0.0,0.0
2010-01-11,7.659210332826765,7.792911668310698,7.659210332826765,7.687860488891602,487600,0.0,0.0
2010-01-12,7.659209750948945,7.745160212613714,7.430006242912969,7.573257923126221,669400,0.0,0.0
2010-01-13,7.5732584984741935,7.726061000568731,7.47775721928137,7.687860488891602,692300,0.0,0.0
2010-01-14,7.69740904880669,7.945711861396458,7.678308342038031,7.8693108558654785,1340200,0.0,0.0
2010-01-15,7.8502104009509885,8.041212898746393,7.76425904925012,8.01256275177002,1147200,0.0,0.0
2010-01-19,7.983913979081964,8.385019794637882,7.936164024045507,8.098515510559082,2058900,0.0,0.0
2010-01-20,7.99346433439806,8.117616221191273,7.8884131582370385,8.098515510559082,1026100,0.0,0.0
2010-01-21,8.136718618999222,8.299070139176926,7.955265473456528,7.974366188049316,1263900,0.0,0.0
2010-01-22,7.955263397874661,8.136716496075017,7.850212227339481,7.878862380981445,1113200,0.0,0.0
2010-01-25,7.936165947337681,7.936165947337681,7.582810456570198,7.764263153076172,972500,0.0,0.0
2010-01-26,7.697410346785966,7.7738113652001015,7.506407345364638,7.62100887298584,1627100,0.0,0.0
2010-01-27,7.487307165520239,7.668759358372576,7.048000849866592,7.24855375289917,1963600,0.0,0.0
2010-01-28,7.4013545214514975,7.4013545214514975,7.124400646757089,7.191251754760742,1252200,0.0,0.0
2010-01-29,7.18170377335584,7.26765516126574,7.09575238544594,7.12440299987793,1133000,0.0,0.0
2010-02-01,7.162603975381038,7.458658218383789,7.162603975381038,7.458658218383789,987600,0.0,0.0
2010-02-02,7.4873077499813805,7.6974110245047935,7.45865713786054,7.63055944442749,1034000,0.0,0.0
2010-02-03,7.592358924460486,7.592358924460486,7.382256105527788,7.496857643127441,509700,0.0,0.0
2010-02-04,7.401356540818189,7.410906896875512,7.086202077103181,7.105302333831787,668100,0.0,0.0
2010-02-05,7.095750896338431,7.162602012393049,7.057550388703212,7.1435017585754395,800700,0.0,0.0
2010-02-08,7.153052183238365,7.267654169948396,7.038450651914339,7.05755090713501,591500,0.0,0.0
2010-02-09,7.16260184711073,7.430005849772686,7.076650479221893,7.334504127502441,880300,0.0,0.0
2010-02-10,7.34405457014923,7.458656091787723,7.229453048510737,7.3822550773620605,810700,0.0,0.0
2010-02-11,7.344054953541605,7.649659482584136,7.2294534259204015,7.62100887298584,934800,0.0,0.0
2010-02-12,7.515957986447475,7.77381213211233,7.4682075729209005,7.678310394287109,1217200,0.0,0.0
2010-02-16,7.802459991718365,7.802459991718365,7.573256525967196,7.64010763168335,731400,0.0,0.0
2010-02-17,7.6592328119154915,7.726167137021818,7.51580139875696,7.5922980308532715,922600,0.01,0.0
2010-02-18,7.601861054061143,7.649671684471475,7.554050879606774,7.630547523498535,485200,0.0,0.0
2010-02-19,7.62098537765097,7.716606184556031,7.554051040795414,7.640109539031982,685500,0.0,0.0
2010-02-22,7.611422942327986,7.6687958780354295,7.592298782410818,7.659233570098877,902700,0.0,0.0
2010-02-23,7.65923403631872,7.697482358481243,7.448867808468876,7.554050922393799,433800,0.0,0.0
2010-02-24,7.554050922393798,7.620985258200231,7.506240291712661,7.554050922393799,278700,0.0,0.0
2010-02-25,7.420182607926002,7.993907503232425,7.391496135182672,7.917410850524902,2154300,0.0,0.0
2010-02-26,7.726168405704974,8.452887441863346,7.525364485501001,7.582736968994141,2044900,0.0,0.0
2010-03-01,7.601860781665425,7.630547250074901,7.353246697925734,7.563612461090088,1329500,0.0,0.0
2010-03-02,7.573175626556785,7.78354186949225,7.554051464104106,7.716606616973877,870700,0.0,0.0
2010-03-03,7.76441650330102,8.156462023801454,7.687919860857614,7.936534404754639,1344200,0.0,0.0
2010-03-04,7.98434594571545,8.232959606081144,7.955659017590476,8.223398208618164,959300,0.0,0.0
2010-03-05,8.290335199596004,8.39551790059601,8.089531198114317,8.319021224975586,1908100,0.0,0.0
2010-03-08,8.299893307679463,8.452886581420898,8.213834363221943,8.452886581420898,1317900,0.0,0.0
2010-03-09,8.395514612457086,8.67281518095325,8.30945565811139,8.663253784179688,1487900,0.0,0.0
2010-03-10,8.634564608994934,9.036172350056251,8.567630289455284,9.007486343383789,2645100,0.0,0.0
2010-03-11,8.930995033196869,9.017054016346533,8.758877066897544,8.988367080688477,1164900,0.0,0.0
2010-03-12,8.997921230325936,9.083980135409327,8.74930681828757,8.806679725646973,1313000,0.0,0.0
2010-03-15,8.816243416514089,8.940550642098927,8.69193619092925,8.777995109558105,1143600,0.0,0.0
2010-03-16,8.778000006013606,9.03617599400173,8.749313075861087,8.99792766571045,1289200,0.0,0.0
2010-03-17,8.988363193653562,9.083984447337649,8.883180544130553,9.036173820495605,588400,0.0,0.0
2010-03-18,9.06486002086601,9.083984636766377,8.940553665161133,8.940553665161133,484600,0.0,0.0
2010-03-19,8.950116157531738,9.036175115801312,8.80668516835711,8.950116157531738,824500,0.0,0.0
2010-03-22,8.873618568566696,8.95967751772165,8.75887360699739,8.844932556152344,713200,0.0,0.0
2010-03-23,8.835369364672621,8.864056286130714,8.653690088330375,8.797121047973633,712300,0.0,0.0
2010-03-24,8.825806597244418,8.88317952525674,8.605879015672647,8.61544132232666,496600,0.0,0.0
2010-03-25,8.682379333676932,8.682379333676932,8.357268064615244,8.395516395568848,1792300,0.0,0.0
2010-03-26,8.395516013839519,8.615444590757072,8.395516013839519,8.58675765991211,1032400,0.0,0.0
2010-03-29,8.58675772071536,8.615444651763456,8.290333395181875,8.376392364501953,1266800,0.0,0.0
2010-03-30,8.376391211566066,8.558070523636935,8.338142887345251,8.47201156616211,1192200,0.0,0.0
2010-03-31,8.462449475101208,8.577194438354308,8.347703599936203,8.433762550354004,905200,0.0,0.0
2010-04-01,8.51025981172169,8.634567092268345,8.424201766954289,8.519822120666504,692100,0.0,0.0
2010-04-05,8.52938534727161,8.835371971130371,8.472012399342058,8.835371971130371,613500,0.0,0.0
2010-04-06,8.5580662939243,8.930987954699555,8.500694291904434,8.758870124816895,1820600,0.0,0.0
2010-04-07,8.835371183809638,8.950116157531738,8.768436843783077,8.950116157531738,949600,0.0,0.0
2010-04-08,8.940552102604837,9.16047967555066,8.84493086363865,9.064858436584473,784500,0.0,0.0
2010-04-09,9.103110775452139,9.60033901718455,9.064861537253,9.552528381347656,2871000,0.0,0.0
2010-04-12,9.590772416227006,9.609897026769234,9.351720255918874,9.476027488708496,559000,0.0,0.0
2010-04-13,9.514275797881334,9.571648717596398,9.332596557288266,9.476027488708496,962900,0.0,0.0
2010-04-14,9.495156247165228,9.734208511902223,9.466469318820135,9.705521583557129,1563500,0.0,0.0
2010-04-15,9.705521442257982,9.743769767582577,9.657711719536245,9.69596004486084,800000,0.0,0.0
2010-04-16,9.619463114434975,9.648149129616103,9.198730636189193,9.313475608825684,1795800,0.0,0.0
2010-04-19,9.303912162780762,9.523840684057632,9.150918884629133,9.303912162780762,948200,0.0,0.0
2010-04-20,9.399535728812461,9.399535728812461,9.093549097270827,9.112672805786133,1046400,0.0,0.0
2010-04-21,8.988366451208535,9.227418760143998,8.778001075922104,9.217857360839844,893500,0.0,0.0
2010-04-22,9.189168437032812,9.609900920309281,9.045737447500192,9.581214904785156,1194800,0.0,0.0
2010-04-23,9.562088203755348,9.743767478385509,9.495153878140833,9.676833152770996,912400,0.0,0.0
2010-04-26,9.619460813666999,9.743767153691145,9.389970011371297,9.399532318115234,825000,0.0,0.0
2010-04-27,9.351723697460967,9.361286006251122,9.055299420261841,9.141358375549316,1057500,0.0,0.0
2010-04-28,9.170042290320929,9.25610122590328,8.940552403375827,9.131793975830078,1017300,0.0,0.0
2010-04-29,9.227412670814818,9.609896659851074,9.112667747677417,9.609896659851074,814000,0.0,0.0
2010-04-30,9.648147762090897,9.667271465530401,8.978801727294922,8.978801727294922,1282900,0.0,0.0
2010-05-03,9.064861320280869,9.342162819115089,9.05529992287197,9.170044898986816,1101500,0.0,0.0
2010-05-04,9.07442498801145,9.07442498801145,8.682379366286535,8.768438339233398,953200,0.0,0.0
2010-05-05,8.68237865920099,8.959679265051012,8.414640363324574,8.835371971130371,1014200,0.0,0.0
2010-05-06,8.80668660950505,8.959679932837389,7.888725757598877,8.60588264465332,1479700,0.0,0.0
2010-05-07,8.59631913174393,8.701502710758755,8.099090900452808,8.11821460723877,1627200,0.0,0.0
2010-05-10,8.605882280475418,8.758875597333489,8.223398988330239,8.58675765991211,1146200,0.0,0.0
2010-05-11,8.500698840110813,8.720626485376078,8.462450514329374,8.596319198608398,545300,0.0,0.0
2010-05-12,8.634564671209914,8.969238095143018,8.634564671209914,8.959675788879395,622900,0.0,0.0
2010-05-13,8.902304400708742,8.911865795732552,8.472009707724924,8.577193260192871,602200,0.0,0.0
2010-05-14,8.491134573872424,8.577193515026046,8.31901669156518,8.538945198059082,1083800,0.0,0.0
2010-05-17,8.558071640979245,8.65369291997159,8.137340019619549,8.58675765991211,1047100,0.0,0.0
2010-05-18,8.596315329663769,8.691936557037117,8.328577169694645,8.385950088500977,542500,0.0,0.0
2010-05-19,8.338089608179706,8.596560337158035,8.00303397892479,8.098764419555664,1611000,0.01,0.0
2010-05-20,7.897729189145214,8.060470348503227,7.562674102719193,7.687122821807861,833100,0.0,0.0
2010-05-21,7.610538878340253,8.031751614349803,7.486090158857201,7.8498640060424805,1491600,0.0,0.0
2010-05-24,7.849863927677337,7.9743131023944684,7.715842441791888,7.725414752960205,648400,0.0,0.0
2010-05-25,7.50523617868216,7.667977339160185,7.371213778008224,7.648830890655518,1370500,0.0,0.0
2010-05-26,7.734988163877878,7.830718581496104,7.505236257137645,7.591392993927002,766900,0.0,0.0
2010-05-27,7.782855128444287,8.031753540039062,7.782855128444287,8.031753540039062,793500,0.0,0.0
2010-05-28,8.031751820619686,8.165773311284983,7.945594626361745,8.060470581054688,944300,0.0,0.0
2010-06-01,7.974312412588972,8.050896373028138,7.687122104465688,7.696695327758789,629800,0.0,0.0
2010-06-02,7.725415185253491,7.974313548615433,7.4669445101875915,7.945594787597656,521700,0.0,0.0
2010-06-03,7.9551650669964555,8.204062425255634,7.897726653273498,8.022175788879395,409600,0.0,0.0
2010-06-04,7.907302627744846,8.079616103008826,7.667977494311549,7.878582954406738,1336700,0.0,0.0
2010-06-07,7.897728452149806,8.098761576540824,7.687122104465688,7.696695327758789,938600,0.0,0.0
2010-06-08,7.696696497782484,7.792426919360442,7.131889018969046,7.19890022277832,1748200,0.0,0.0
2010-06-09,7.256338065338905,7.514809194488987,7.1797540946983585,7.29463005065918,736700,0.0,0.0
2010-06-10,7.4477981749836255,7.495662926638459,7.160607839148802,7.3233489990234375,984800,0.0,0.0
2010-06-11,7.275483738055586,7.553100847657437,7.275483738055586,7.543528079986572,644400,0.0,0.0
2010-06-14,7.610539684917684,7.706270111325406,7.246765799179053,7.275484561920166,970200,0.0,0.0
2010-06-15,6.423486370275814,6.969147817802848,6.423486370275814,6.672384262084961,3845800,0.0,0.0
2010-06-16,6.624518171039933,6.643664158844473,6.165014007254609,6.174586772918701,2904300,0.0,0.0
2010-06-17,6.241598729070432,6.394766650417108,6.126722788060425,6.14586877822876,2051900,0.0,0.0
2010-06-18,6.193732952860396,6.356474082485595,6.174586964461923,6.222452163696289,1499500,0.0,0.0
2010-06-21,6.337328604541683,6.43305855424483,6.203306674957275,6.203306674957275,1466700,0.0,0.0
2010-06-22,6.232026901405369,6.279891655801329,6.145869704425568,6.165015697479248,1610500,0.0,0.0
2010-06-23,6.1650157121325355,6.423486847209803,6.059712521848765,6.327756881713867,1321500,0.0,0.0
2010-06-24,6.299036384224243,6.299036384224243,6.145868470545673,6.193733215332031,922000,0.0,0.0
2010-06-25,6.212880451875208,6.27031888751273,6.0884317252645275,6.165015697479248,985500,0.0,0.0
2010-06-28,6.232025888106423,6.299036624660423,6.126722715194758,6.203306674957275,740400,0.0,0.0
2010-06-29,6.107577773617524,6.107577773617524,5.74380344582743,5.782095432281494,1460700,0.0,0.0
2010-06-30,5.820387418735558,5.963982596176541,5.74380344582743,5.782095432281494,911600,0.0,0.0
2010-07-01,5.829960588194638,5.849106581239757,5.619354208221852,5.820387363433838,847200,0.0,0.0
2010-07-02,5.810813189791687,5.87782392100467,5.705510025273094,5.801239967346191,708200,0.0,0.0
2010-07-06,5.868251145819304,5.925689110972955,5.581060863574678,5.6002068519592285,824200,0.0,0.0
2010-07-07,5.648073243630179,5.820387175471581,5.638500019178535,5.79166841506958,726400,0.0,0.0
2010-07-08,5.782094358136714,5.896970296158302,5.782094358136714,5.877824306488037,836400,0.0,0.0
2010-07-09,5.887397220013819,5.963981174668246,5.8012400427893995,5.944835186004639,378500,0.0,0.0
2010-07-12,5.89697080036361,5.95440877428549,5.83953282644173,5.858678817749023,372700,0.0,0.0
2010-07-13,5.963982231720954,6.251172569052881,5.95440900745421,6.23202657699585,557500,0.0,0.0
2010-07-14,6.222452499281396,6.279890467574519,6.078857350310392,6.136295318603516,352800,0.0,0.0
2010-07-15,6.136296951768796,6.155442946295511,5.906545017448209,6.002274990081787,496300,0.0,0.0
2010-07-16,5.973554680851032,5.973554680851032,5.734229564666748,5.734229564666748,1003300,0.0,0.0
2010-07-19,5.734228779656838,5.810813189791687,5.552342117956137,5.801239967346191,1518600,0.0,0.0
2010-07-20,5.715083531221542,5.954408645629883,5.628926800438512,5.954408645629883,538500,0.0,0.0
2010-07-21,5.983126747499782,6.203305830066828,5.9161155635963,6.1075758934021,916200,0.0,0.0
2010-07-22,6.184161705231723,6.394767629322781,6.174588480443888,6.327756881713867,662200,0.0,0.0
2010-07-23,6.279890189509003,6.595799229371325,6.251171434872269,6.586226463317871,788900,0.0,0.0
2010-07-26,6.586227971416468,6.768115132843907,6.528789992514615,6.691530704498291,1029600,0.0,0.0
2010-07-27,6.7681141489651875,6.787260139149224,6.49049706305844,6.528789043426514,743200,0.0,0.0
2010-07-28,6.500071097731108,6.557509079486321,6.289465164628658,6.299037933349609,533900,0.0,0.0
2010-07-29,6.385192410829859,6.796831332742957,6.375619189715544,6.605371475219727,1231000,0.0,0.0
2010-07-30,6.55750860338877,6.729822992620298,6.46177864074707,6.46177864074707,907500,0.0,0.0
2010-08-02,6.547936764422566,6.83512669309586,6.509644773932794,6.806407928466797,703700,0.0,0.0
2010-08-03,6.815979797189249,6.921282985359656,6.64366586275479,6.768115043640137,558200,0.0,0.0
2010-08-04,6.825552444185402,7.026585578918457,6.78726046199591,7.026585578918457,534700,0.0,0.0
2010-08-05,6.988293995757453,7.026585980133401,6.882990810485365,6.90213680267334,286400,0.0,0.0
2010-08-06,6.815980493893911,6.997867671515921,6.748969740780264,6.9404296875,377000,0.0,0.0
2010-08-09,7.007440897090168,7.007440897090168,6.91171046725378,6.9404296875,352900,0.0,0.0
2010-08-10,6.844699014499896,6.87341777533407,6.64366586275479,6.768115043640137,420500,0.0,0.0
2010-08-11,6.567082648840126,6.662812623449,6.318184258380527,6.394768238067627,545000,0.0,0.0
2010-08-12,6.28946460868804,6.404340562044311,6.2224534076586515,6.356475353240967,460200,0.0,0.0
2010-08-13,6.3181824464366,6.356474425298682,6.136295318603515,6.136295318603516,459800,0.0,0.0
2010-08-16,6.097944725506514,6.318467897477039,5.992477002253729,6.280116081237793,443700,0.01,0.0
2010-08-17,6.308879219410058,6.577342369193108,6.251351499568622,6.462286472320557,412700,0.0,0.0
2010-08-18,6.433521435915095,6.519813225425982,6.337641923786096,6.375993728637695,528400,0.0,0.0
2010-08-19,6.36640609971565,6.404757907885835,6.155471154779636,6.212998867034912,398000,0.0,0.0
2010-08-20,6.174647617942742,6.337643046019111,6.069179907330445,6.318467140197754,346300,0.0,0.0
2010-08-23,6.347230549823484,6.3664064549786445,6.0979437828063965,6.0979437828063965,391300,0.0,0.0
2010-08-24,6.0212404590536215,6.337643138308332,5.934948653006096,6.1554718017578125,524900,0.0,0.0
2010-08-25,6.088356098831013,6.212999721113223,6.011652471946477,6.19382381439209,421000,0.0,0.0
2010-08-26,6.2321746066832615,6.395170015700699,6.155470992366727,6.184234619140625,416400,0.0,0.0
2010-08-27,6.2705285091584315,6.3472321491057295,6.097945319277012,6.30888032913208,312500,0.0,0.0
2010-08-30,6.203412520867139,6.318468436591578,6.011653423309326,6.011653423309326,350900,0.0,0.0
2010-08-31,6.011651412986829,6.165058639733033,5.934947799613728,5.992475509643555,625100,0.0,0.0
2010-09-01,6.078770472025246,6.337645530700684,6.050006373421381,6.337645530700684,618600,0.0,0.0
2010-09-02,6.308879566077871,6.558166822945241,6.2801159331714524,6.529402732849121,303700,0.0,0.0
2010-09-03,6.606106200929692,6.682809829711914,6.471874850560803,6.682809829711914,269400,0.0,0.0
2010-09-07,6.5869286553214925,6.615692737554981,6.356817826211896,6.375993728637695,307700,0.0,0.0
2010-09-08,6.404759127368109,6.577342754183913,6.395171402094844,6.443110942840576,305300,0.0,0.0
2010-09-09,6.558167065822733,6.577342974200413,6.385583433233891,6.481463432312012,208200,0.0,0.0
2010-09-10,6.4814631286135045,6.730749925842648,6.4814631286135045,6.701985836029053,355300,0.0,0.0
2010-09-13,6.788279208020647,6.836219216328567,6.692399648594611,6.817043304443359,461600,0.0,0.0
2010-09-14,6.8170424791454485,6.836218388709145,6.66363474544613,6.749926567077637,649600,0.0,0.0
2010-09-15,6.740339223012421,6.874570597568111,6.61569557518725,6.826630592346191,259100,0.0,0.0
2010-09-16,6.826630237728897,6.826630237728897,6.596519321872524,6.663634777069092,188900,0.0,0.0
2010-09-17,6.740337804005351,6.740337804005351,6.4622864723205575,6.462286472320557,754200,0.0,0.0
2010-09-20,6.462288758747497,6.673224263320349,6.375997377049365,6.6348724365234375,826800,0.0,0.0
2010-09-21,6.615694660510282,6.759514199101972,6.519815120512394,6.644458293914795,564300,0.0,0.0
2010-09-22,6.596520335289887,6.654048073091914,6.260941636183154,6.289705276489258,850000,0.0,0.0
2010-09-23,6.222588217935271,6.404759582983464,6.136296855578563,6.251352310180664,719700,0.0,0.0
2010-09-24,6.356819501404084,6.711574018363484,6.280115871487425,6.701985836029053,581800,0.0,0.0
2010-09-27,6.682811991424657,6.692400176718804,6.548580597635467,6.6348724365234375,284800,0.0,0.0
2010-09-28,6.682809829711914,6.692398011904537,6.510226664951914,6.682809829711914,441800,0.0,0.0
2010-09-29,6.644458835882433,6.749926567077638,6.567755197627647,6.749926567077637,426600,0.0,0.0
2010-09-30,6.778688538153931,6.845803972023532,6.56775314179049,6.711572647094727,387700,0.0,0.0
2010-10-01,6.682809324002116,6.874568838636298,6.586929795279852,6.855392932891846,496700,0.0,0.0
2010-10-04,6.8458062127459165,6.903333942259273,6.654047114368064,6.769102573394775,306700,0.0,0.0
2010-10-05,6.864981251474953,7.008800785603723,6.778689896749448,6.970448970794678,469900,0.0,0.0
2010-10-06,6.941684583120517,7.066328204494424,6.845805050213541,6.912920951843262,431300,0.0,0.0
2010-10-07,6.980037939031742,7.008801574782414,6.749926567077638,6.749926567077637,597300,0.0,0.0
2010-10-08,6.769102669601589,6.87457040380326,6.749926759491263,6.788278579711914,955400,0.0,0.0
2010-10-11,6.76910043022635,7.018387636380361,6.7307486226933655,6.903331756591797,290000,0.0,0.0
2010-10-12,6.903334234949443,6.922510145600256,6.7307510390921275,6.826630592346191,413200,0.0,0.0
2010-10-13,6.8553938022922,7.047152884055595,6.7978660777631825,6.932097434997559,663800,0.0,0.0
2010-10-14,6.941684482691204,6.989624477045955,6.817041320310257,6.893744945526123,664200,0.0,0.0
2010-10-15,6.932097559725804,6.989625285289911,6.807453925742046,6.864981651306152,392200,0.0,0.0
2010-10-18,6.884155852825305,6.941683564124782,6.836216322003878,6.903331756591797,300800,0.0,0.0
2010-10-19,6.788278483232561,7.0183898584757385,6.730750753719205,6.769102573394775,421000,0.0,0.0
2010-10-20,6.797866954964859,6.912922418869736,6.769102860393754,6.826630592346191,379200,0.0,0.0
2010-10-21,6.864981797107258,6.951273615880978,6.682810433690368,6.797866344451904,661700,0.0,0.0
2010-10-22,6.797865786625829,6.8937453234012205,6.788277604353443,6.874569416046143,413600,0.0,0.0
2010-10-25,6.903333261132377,7.008800983428955,6.7882778134577695,7.008800983428955,718000,0.0,0.0
2010-10-26,6.941684908113462,7.008800812885388,6.625282206112392,6.701985836029053,1542900,0.0,0.0
2010-10-27,6.625282926318737,6.788278386205031,6.4143479211180745,6.749926567077637,2789200,0.0,0.0
2010-10-28,6.721162187658398,6.759514002542323,6.375995396513379,6.4239349365234375,1049200,0.0,0.0
2010-10-29,6.385582617311588,6.663633481854668,6.366406711384123,6.596518039703369,560000,0.0,0.0
2010-11-01,6.606107100010881,6.692398922729913,6.519815734481602,6.577343463897705,725000,0.0,0.0
2010-11-02,6.66363474544613,6.759514750454359,6.577343381004368,6.749926567077637,531200,0.0,0.0
2010-11-03,6.75951484707076,6.855394396259686,6.682810750529865,6.769102573394775,530000,0.0,0.0
2010-11-04,6.864981212388282,6.9608612060546875,6.826629397797597,6.9608612060546875,445200,0.0,0.0
2010-11-05,6.9416854528939025,7.027977271917138,6.836218182076319,6.989625453948975,490700,0.0,0.0
2010-11-08,6.951273441314698,6.999213441027239,6.84580571626094,6.951273441314697,264000,0.0,0.0
2010-11-09,6.941685761934844,7.008801674961969,6.721163027395189,6.769102573394775,403700,0.0,0.0
2010-11-10,6.769101905512001,7.018389165996694,6.730750089620465,7.008800983428955,776200,0.0,0.0
2010-11-11,6.912920193118077,7.047151524455329,6.9033320122848885,7.037563800811768,449600,0.0,0.0
2010-11-12,6.941684722900391,7.047152439816632,6.903332908965337,6.941684722900391,431800,0.0,0.0
2010-11-15,6.9704495061754335,7.0279772328075465,6.91292177954332,6.980037689208984,245800,0.0,0.0
2010-11-16,6.922510591217099,6.9704505995250186,6.721163745017323,6.817043304443359,381200,0.0,0.0
2010-11-17,6.817041117930106,6.961063206880562,6.817041117930106,6.932258605957031,359800,0.01,0.0
2010-11-18,7.018671857600181,7.37392600321121,6.951461428227719,7.34512186050415,1452100,0.0,0.0
2010-11-19,7.316318743250289,7.642768812337689,7.143492478468911,7.383529186248779,979200,0.0,0.0
2010-11-22,7.3355225013008925,7.412334183330158,7.153094527564519,7.306718349456787,311400,0.0,0.0
2010-11-23,7.191497981669718,7.239505495920842,7.105085096984716,7.220302581787109,500100,0.0,0.0
2010-11-24,7.316317148438197,7.402730490909333,7.277911320191821,7.35472297668457,258200,0.0,0.0
2010-11-26,7.29711447611686,7.498745310008489,7.29711447611686,7.421933650970459,120600,0.0,0.0
2010-11-29,7.345122352248062,7.479542762158619,7.268310689442029,7.431535243988037,219500,0.0,0.0
2010-11-30,7.316317148438197,7.469940919257282,7.297114234315009,7.35472297668457,334100,0.0,0.0
2010-12-01,7.460339452960068,7.5467527979757785,7.431534852010297,7.469941139221191,318300,0.0,0.0
2010-12-02,7.441136964319426,7.585159061647173,7.412332361720426,7.517948627471924,245800,0.0,0.0
2010-12-03,7.489146172632262,7.565957853117314,7.450740332389736,7.537153244018555,385600,0.0,0.0
2010-12-06,7.537151178304843,7.911608246958556,7.479542433729933,7.863600730895996,462200,0.0,0.0
2010-12-07,7.911609577882497,8.074834610553271,7.834797905527704,8.007624626159668,540600,0.0,0.0
2010-12-08,8.007624074292215,8.017225761591677,7.52755069732666,7.52755069732666,717800,0.0,0.0
2010-12-09,7.575556617888946,7.661969959217924,7.441136220803321,7.63316535949707,367100,0.0,0.0
2010-12-10,7.661970446158276,7.863600825684117,7.594760014427256,7.767586708068848,346500,0.0,0.0
2010-12-13,7.777187968691373,7.777187968691373,7.642767112589534,7.671571254730225,723600,0.0,0.0
2010-12-14,7.709977758567543,7.719579445345061,7.652369011403311,7.700376987457275,221900,0.0,0.0
2010-12-15,7.661969959217924,7.767586214416276,7.498744962411446,7.63316535949707,563300,0.0,0.0
2010-12-16,7.6235655261123725,7.709978425415898,7.537152168975183,7.681174278259277,460200,0.0,0.0
2010-12-17,7.633165880239027,7.863600862392025,7.527550075669043,7.854000091552734,927400,0.0,0.0
2010-12-20,7.844399131069659,8.07483413455013,7.844399131069659,7.873203277587891,1141000,0.0,0.0
2010-12-21,7.930811289730561,8.084434602206292,7.911607917837509,8.074832916259766,1748500,0.0,0.0
2010-12-22,8.09403883923527,8.142045452764302,7.844400419947483,7.930813789367676,708000,0.0,0.0
2010-12-23,7.950016632988269,8.026828317120136,7.88280663828976,7.940415859222412,279400,0.0,0.0
2010-12-27,7.892406740776929,8.055631765653954,7.825195843925184,7.998022556304932,210500,0.0,0.0
2010-12-28,8.01722687005748,8.01722687005748,7.786790921346676,7.911610126495361,193900,0.0,0.0
2010-12-29,7.902008555596325,7.911610244366373,7.815596103668213,7.815596103668213,250700,0.0,0.0
2010-12-30,7.7867899223658865,7.959616632809895,7.7867899223658865,7.873203277587891,296700,0.0,0.0
2010-12-31,7.8636010153513505,7.911608533150519,7.73878275100765,7.748383522033691,276500,0.0,0.0
2011-01-03,7.805993675889039,8.036428690549803,7.777189527973281,7.882805347442627,374700,0.0,0.0
2011-01-04,7.911608667774093,7.911608667774093,7.585159097819209,7.73878288269043,1709400,0.0,0.0
2011-01-05,7.72918289927638,7.978821318564167,7.700378748025469,7.930813789367676,1571900,0.0,0.0
2011-01-06,7.911609111501303,7.969218320205075,7.815594984551427,7.873203277587891,339400,0.0,0.0
2011-01-07,7.911610382737729,7.940415449551663,7.604363662062075,7.757987022399902,327900,0.0,0.0
2011-01-10,7.709978425415898,7.757985947788484,7.575558003739786,7.681174278259277,382600,0.0,0.0
2011-01-11,7.709977758567543,7.834796939673525,7.633166095681901,7.700376987457275,440000,0.0,0.0
2011-01-12,7.786790504042954,7.786790504042954,7.623565926634825,7.7771897315979,301400,0.0,0.0
2011-01-13,7.757985150281109,7.844398498535157,7.690775175268954,7.844398498535156,347000,0.0,0.0
2011-01-14,7.8155943835982065,7.863600985548188,7.7195793483637685,7.796391010284424,702300,0.0,0.0
2011-01-18,7.786789421453186,7.796391108230703,7.652369011403311,7.700376987457275,439700,0.0,0.0
2011-01-19,7.671571648425336,7.709977478472918,7.527550014663709,7.5467529296875,452300,0.0,0.0
2011-01-20,7.479544274875572,7.671573470728022,7.441138435705081,7.556355953216553,452300,0.0,0.0
2011-01-21,7.57555734066616,7.623564858836743,7.412332328286528,7.431535243988037,477500,0.0,0.0
2011-01-24,7.412331964673904,7.556354054287011,7.383527821451445,7.421933650970459,558000,0.0,0.0
2011-01-25,7.3931311051176145,7.469943243342114,7.268312353399477,7.3643269538879395,398400,0.0,0.0
2011-01-26,7.143491923727982,7.181897757363591,6.845846484135189,7.037875652313232,2193400,0.0,0.0
2011-01-27,6.980266957787399,7.249108253224332,6.961064040815736,7.210702419281006,1185600,0.0,0.0
2011-01-28,7.181897848090663,7.239506599271833,6.989868677486764,7.162694931030273,1002400,0.0,0.0
2011-01-31,7.162694145845235,7.162694145845235,7.018672054763395,7.057077884674072,507500,0.0,0.0
2011-02-01,7.085883961090435,7.287514839011734,7.076282272697181,7.22990608215332,867000,0.0,0.0
2011-02-02,7.2203022850690175,7.316316851791963,7.114686032756993,7.2491068840026855,880700,0.0,0.0
2011-02-03,7.22030257782226,7.373925890807758,7.15309214947431,7.35472297668457,619400,0.0,0.0
2011-02-04,7.364327110978737,7.364327110978737,7.2011020577496785,7.306718349456787,409100,0.0,0.0
2011-02-07,7.297114834077479,7.585159027433726,7.220303171271446,7.431535243988037,838000,0.0,0.0
2011-02-08,7.412332094587642,7.498745441436767,7.345122120668197,7.498745441436768,364600,0.0,0.0
2011-02-09,7.441137412805956,7.681174103541632,7.441137412805956,7.652369499206543,604600,0.0,0.0
2011-02-10,7.633167476843733,7.73878421917245,7.585160407770516,7.613964557647705,335600,0.0,0.0
2011-02-11,7.594759531758321,7.690774558938776,7.517947876280821,7.63316535949707,747400,0.0,0.0
2011-02-14,7.633166582261035,7.709978250043067,7.565956601868584,7.652369499206543,388700,0.0,0.0
2011-02-15,7.623566360952456,7.661972199922799,7.585160521982114,7.604363441467285,437900,0.0,0.0
2011-02-16,7.662043902141189,7.710112574683022,7.575521758485775,7.652430534362793,319800,0.01,0.0
2011-02-17,7.652430961970792,7.8254761757760924,7.594749376839855,7.767794132232666,282300,0.0,0.0
2011-02-18,7.79663421434506,7.902384468176416,7.6812710512039715,7.825475692749023,475500,0.0,0.0
2011-02-22,7.729338713693345,7.738952539142213,7.488998578420759,7.498612403869629,645800,0.0,0.0
2011-02-23,7.498612454769331,7.537066840000975,7.239045125249524,7.267885684967041,824500,0.0,0.0
2011-02-24,7.258272482698268,7.392862834065521,7.142908865971038,7.277499675750732,852600,0.0,0.0
2011-02-25,7.354408230292482,7.508225770159668,7.306340019877772,7.469771385192871,1131600,0.0,0.0
2011-02-28,7.498613363440151,7.498613363440151,7.354409172140824,7.44093132019043,395700,0.0,0.0
2011-03-01,7.440931098143058,7.47938594529949,7.085227773055206,7.219818592071533,1082600,0.0,0.0
2011-03-02,7.190976914503754,7.344794455430327,7.133295336656289,7.267885684967041,637800,0.0,0.0
2011-03-03,7.364022419206652,7.402476808465239,7.2775002725810705,7.373636245727539,801500,0.0,0.0
2011-03-04,7.354407152219152,7.392861531548969,7.210203000526157,7.287111759185791,550200,0.0,0.0
2011-03-07,7.277499563467578,7.335181141735014,7.027545599229588,7.065999984741211,1247200,0.0,0.0
2011-03-08,7.0756128496785635,7.210203180696093,7.046771835254336,7.15252161026001,630500,0.0,0.0
2011-03-09,7.15252254646457,7.2967267206360695,7.123681528265297,7.210204124450684,801000,0.0,0.0
2011-03-10,7.133294241866522,7.315952772889335,7.08522603849807,7.287111759185791,729500,0.0,0.0
2011-03-11,7.248658312680259,7.402475849794189,7.200590103125946,7.344794273376465,447100,0.0,0.0
2011-03-14,7.2967254145300195,7.604360442056284,7.267884401493257,7.364020347595215,1549100,0.0,0.0
2011-03-15,7.162136550615533,7.2967273696332215,6.700683427270893,6.719910621643066,1710500,0.0,0.0
2011-03-16,6.662228985212696,6.748751588401325,6.421888828277588,6.421888828277588,1122200,0.0,0.0
2011-03-17,6.556479840964177,6.604547598731465,6.344980239868164,6.344980239868164,605200,0.0,0.0
2011-03-18,6.441115690466312,6.566092675649189,6.383434110784779,6.4891839027404785,1942300,0.0,0.0
2011-03-21,6.594933345510582,6.643001096827233,6.556478961092292,6.614160537719727,443700,0.0,0.0
2011-03-22,6.643000779475209,6.671841795617332,6.5180242652924045,6.566092014312744,358800,0.0,0.0
2011-03-23,6.52763795852661,6.566092343032996,6.393047612754263,6.527637958526611,605500,0.0,0.0
2011-03-24,6.585319535286189,6.633387745125382,6.498797399353033,6.527637958526611,648500,0.0,0.0
2011-03-25,6.57570582590568,6.739137180752589,6.566092001073557,6.623773574829102,574600,0.0,0.0
2011-03-28,6.623773904618089,6.681455481245523,6.6141605377197275,6.614160537719727,347900,0.0,0.0
2011-03-29,6.604546084625396,6.6814548461515475,6.537251147496202,6.575705528259277,550000,0.0,0.0
2011-03-30,6.604546712408943,6.662228289036379,6.527637943572365,6.614160537719727,908900,0.0,0.0
2011-03-31,6.614161035004745,6.681455983590105,6.518025066731048,6.556479454040527,448200,0.0,0.0
2011-04-01,6.585320350262547,6.662229128793281,6.508411571731814,6.5180253982543945,1190000,0.0,0.0
2011-04-04,6.566092901804181,6.816046880779066,6.546865707914764,6.796819686889648,1195600,0.0,0.0
2011-04-05,6.796819502409663,6.902568836724967,6.748751289784562,6.8448872566223145,562700,0.0,0.0
2011-04-06,6.8737282758798655,6.921796030092517,6.806432869887214,6.8448872566223145,370900,0.0,0.0
2011-04-07,6.806432889528992,6.921796050067207,6.777592328600663,6.787205696105957,472600,0.0,0.0
2011-04-08,6.854502400934037,6.912183992131391,6.777593612670898,6.777593612670898,355900,0.0,0.0
2011-04-11,6.777592220225948,6.806432780693111,6.585319830657603,6.604547023773193,417700,0.0,0.0
2011-04-12,6.5084114092291045,6.575706817969498,6.421888806336095,6.479570388793945,1081700,0.0,0.0
2011-04-13,6.518025130689899,6.575706712220124,6.3353665599712885,6.354593753814697,1421900,0.0,0.0
2011-04-14,6.296911051758465,6.450728575134131,6.296911051758465,6.402660369873047,491900,0.0,0.0
2011-04-15,6.383433804447728,6.498797416687011,6.373820437501702,6.498797416687012,423300,0.0,0.0
2011-04-18,6.296911041280884,6.469955754790576,6.268070026489747,6.460341930389404,367400,0.0,0.0
2011-04-19,6.4987967695817135,6.58531889713037,6.383433168829541,6.460341930389404,260300,0.0,0.0
2011-04-20,6.566093066665678,6.816047051916408,6.51802530994148,6.719910621643066,816100,0.0,0.0
2011-04-21,6.73913717006043,6.777591552503116,6.59493300669416,6.710296154022217,636000,0.0,0.0
2011-04-25,6.681455449253528,6.767978042986605,6.5372517375816255,6.729523658752441,784800,0.0,0.0
2011-04-26,6.758364361281774,6.86411368379296,6.700682329205346,6.710296154022217,456600,0.0,0.0
2011-04-27,6.710296164668618,6.825659312179707,6.47956941123404,6.623773574829102,1306800,0.0,0.0
2011-04-28,6.594933761233118,6.844887275708233,6.594933761233118,6.816046714782715,1516100,0.0,0.0
2011-04-29,6.777592638588766,6.806433200836182,6.393048294127618,6.806433200836182,1200000,0.0,0.0
2011-05-02,6.796819857544234,6.921796391757126,6.671842864918869,6.719910621643066,1198000,0.0,0.0
2011-05-03,6.719910033093744,6.739137684194377,6.546865298899944,6.59493350982666,448900,0.0,0.0
2011-05-04,6.6141607202695525,6.633387913009365,6.47956991267843,6.537251949310303,596900,0.0,0.0
2011-05-05,6.498797834057956,6.710296962990262,6.498797834057956,6.643001556396484,568400,0.0,0.0
2011-05-06,6.748750849565308,6.825659618018772,6.633387696885113,6.700682640075684,701300,0.0,0.0
2011-05-09,6.691068360645443,6.700681726184771,6.393046694328567,6.41227388381958,1200500,0.0,0.0
2011-05-10,6.479570439282335,6.806433200836182,6.4603432449799,6.806433200836182,647200,0.0,0.0
2011-05-11,6.758364723977345,6.806432475404115,6.5084107662734185,6.527637958526611,603100,0.0,0.0
2011-05-12,6.508410720199794,6.758364676134274,6.508410720199794,6.729523658752441,406000,0.0,0.0
2011-05-13,6.748751051332261,6.777592069570777,6.594933509826661,6.59493350982666,246100,0.0,0.0
2011-05-16,6.566093753172004,6.739138979026477,6.546866556789564,6.585320949554443,381200,0.0,0.0
2011-05-17,6.537251147496202,6.6430004653884716,6.508410132717706,6.575705528259277,742700,0.0,0.0
2011-05-18,6.585333867298102,6.8067705458500445,6.585333867298102,6.681610584259033,968800,0.01,0.0
2011-05-19,6.739375677031976,6.758631017745869,6.57570505142212,6.575705051422119,556700,0.0,0.0
2011-05-20,6.537197028284577,6.739378417537397,6.537197028284577,6.546824932098389,579600,0.0,0.0
2011-05-23,6.460174194611075,6.585334161799336,6.450546292942615,6.498684883117676,395400,0.0,0.0
2011-05-24,6.498684428741862,6.546823015551163,6.335013784490545,6.34464168548584,830400,0.0,0.0
2011-05-25,6.325386757092787,6.498684854612347,6.325386757092787,6.4505462646484375,1442200,0.0,0.0
2011-05-26,6.431291550311859,6.604590123886594,6.354270166093605,6.585334777832031,453200,0.0,0.0
2011-05-27,6.614218422460181,6.643101674817893,6.460175634108974,6.546824932098389,257100,0.0,0.0
2011-05-31,6.585334458707132,6.604589803828583,6.479429830997333,6.517940521240234,673900,0.0,0.0
2011-06-01,6.4986848144630205,6.566078748179406,6.354269504547119,6.354269504547119,649400,0.0,0.0
2011-06-02,6.354269240477498,6.421663171393138,6.267620425395785,6.383152484893799,399300,0.0,0.0
2011-06-03,6.257993187636238,6.286876435114439,6.152088558994358,6.161716461181641,666200,0.0,0.0
2011-06-06,6.1520892001572225,6.171344547454909,6.026929672264101,6.09432315826416,435800,0.0,0.0
2011-06-07,6.171343498192832,6.277248119865878,6.084694679627262,6.103950023651123,709300,0.0,0.0
2011-06-08,6.084695080017962,6.277248532927158,6.046184389436123,6.161716461181641,550200,0.0,0.0
2011-06-09,6.200226041143561,6.238736724827146,6.0558107477883345,6.075066089630127,389500,0.0,0.0
2011-06-10,6.055810813035278,6.142460081798709,5.988416886321102,6.017300128936768,479600,0.0,0.0
2011-06-13,6.0461852249356,6.248366148887051,6.0461852249356,6.171344757080078,528800,0.0,0.0
2011-06-14,6.248365900024151,6.354270539082572,6.171344511284822,6.296504497528076,668100,0.0,0.0
2011-06-15,6.219482087794293,6.267620677395755,6.0654393356034,6.103950023651123,432800,0.0,0.0
2011-06-16,6.113575379320528,6.1905967291255966,5.998043354612926,6.123203277587891,457700,0.0,0.0
2011-06-17,6.161716614413535,6.229110095065898,6.007673389171729,6.046184539794922,739600,0.0,0.0
2011-06-20,6.0269291255800725,6.171343987671457,5.959535186609416,6.152088642120361,658100,0.0,0.0
2011-06-21,6.180970072324798,6.33501279143356,6.123204052659012,6.142459392547607,828700,0.0,0.0
2011-06-22,6.113578713224848,6.296504748308263,6.094323365273104,6.171344757080078,520200,0.0,0.0
2011-06-23,6.0943221220973856,6.132832810145109,5.978790057954216,6.103950023651123,615500,0.0,0.0
2011-06-24,6.113578757082869,6.2002280530291785,5.892142024507408,5.921025276184082,968000,0.0,0.0
2011-06-27,5.9787899481848426,6.15208804121788,5.940279260844168,6.065439224243164,749200,0.0,0.0
2011-06-28,6.0654393356034,6.171343498192832,6.017300746001939,6.103950023651123,488300,0.0,0.0
2011-06-29,6.123206408752537,6.161717103347912,6.036557116371099,6.09432315826416,478400,0.0,0.0
2011-06-30,5.603309844566414,6.065438496273783,5.603309844566414,5.98841667175293,1510800,0.0,0.0
2011-07-01,6.026927469865355,6.200225532216844,6.017299570192955,6.180970191955566,879500,0.0,0.0
2011-07-05,6.190600105031821,6.209855452983565,6.142461964694317,6.171344757080078,390300,0.0,0.0
2011-07-06,6.1809723903170095,6.2965044729754975,6.113578445891048,6.200227737426758,513600,0.0,0.0
2011-07-07,6.2868739168830725,6.469799394333488,6.267618579304952,6.431288719177246,576700,0.0,0.0
2011-07-08,6.363897110700421,6.3735245527366455,6.180971121176224,6.3350138664245605,591600,0.0,0.0
2011-07-11,6.286876736528574,6.508313447532396,6.257993487665612,6.479430198669434,1238900,0.0,0.0
2011-07-12,6.479431340666182,6.662357391482463,6.431292737104728,6.46017599105835,730000,0.0,0.0
2011-07-13,6.5371973894896795,6.633474137528841,6.412037387496896,6.46017599105835,473600,0.0,0.0
2011-07-14,6.460172649588937,6.546821907547463,6.277246693389553,6.3061299324035645,512600,0.0,0.0
2011-07-15,6.34464175413855,6.421663126599977,6.180971108116221,6.2868757247924805,600100,0.0,0.0
2011-07-18,6.27724940035652,6.344643347729476,6.1617173126460605,6.171344757080078,481500,0.0,0.0
2011-07-19,6.238737188440108,6.306131119436341,6.200226501894718,6.229109287261963,848600,0.0,0.0
2011-07-20,6.257992524229153,6.3831524848938,6.219481837729815,6.383152484893799,458100,0.0,0.0
2011-07-21,6.421663438263504,6.479429470413142,6.325386718014109,6.354269504547119,618500,0.0,0.0
2011-07-22,6.363897097253907,6.412035225500503,6.277247823693005,6.2868757247924805,531800,0.0,0.0
2011-07-25,6.248364251817325,6.315758178728769,6.200226126095067,6.219481468200684,676600,0.0,0.0
2011-07-26,6.248364579478174,6.325386411023193,6.1617157650008645,6.2868757247924805,554200,0.0,0.0
2011-07-27,6.373524839985186,6.5179401497059555,5.940279369906492,6.103950023651123,1943400,0.0,0.0
2011-07-28,6.075066270760625,6.190598325256015,6.036555585928828,6.055810928344727,1086600,0.0,0.0
2011-07-29,6.017298770022937,6.180969370020915,5.978788094621467,6.113575458526611,729800,0.0,0.0
2011-08-01,6.21948335650129,6.27724940035652,6.036557321417875,6.171344757080078,1002600,0.0,0.0
2011-08-02,6.132834039159209,6.257994029938059,5.988418700497744,6.02692985534668,819000,0.0,0.0
2011-08-03,6.026926590331555,6.142458615039158,5.90176666735659,6.123203277587891,648600,0.0,0.0
2011-08-04,6.036555744130186,6.113577115812296,5.78623628616333,5.78623628616333,937100,0.0,0.0
2011-08-05,5.853630623013579,6.209854749296129,5.661077165315891,6.046184539794922,1751100,0.0,0.0
2011-08-08,5.815119463179934,6.046184052893083,5.189320087432861,5.189320087432861,1745800,0.0,0.0
2011-08-09,5.304852364811834,5.670703887939452,5.112298472503174,5.670703887939453,1373500,0.0,0.0
2011-08-10,5.478151408890256,5.5648006984757705,5.170065402984619,5.170065402984619,1212700,0.0,0.0
2011-08-11,5.237458424022703,5.391501170319854,5.073787776540182,5.266341209411621,1517500,0.0,0.0
2011-08-12,5.333733858119578,5.420383111621269,5.141180471541916,5.352989196777344,751200,0.0,0.0
2011-08-15,5.439639002494182,5.757352352142334,5.3722450808086375,5.757352352142334,1026400,0.0,0.0
2011-08-16,5.631983712326379,5.776640456563503,5.496970076587954,5.699490070343018,890800,0.01,0.0
2011-08-17,5.709133688670114,5.766996474181327,5.5355448722839355,5.5355448722839355,502400,0.0,0.0
2011-08-18,5.352314167108888,5.352314167108888,5.082287313370662,5.091931343078613,899900,0.0,0.0
2011-08-19,5.024424076080322,5.22694408374211,5.014780047214234,5.024424076080322,772000,0.0,0.0
2011-08-22,5.130506621356349,5.2462322205212475,4.92798659289145,4.956917762756348,547400,0.0,0.0
2011-08-23,4.9762038305682355,5.217298984527589,4.9279850756878725,5.217298984527588,679000,0.0,0.0
2011-08-24,5.217301320000229,5.390890202861894,5.111219735865565,5.284808158874512,1083700,0.0,0.0
2011-08-25,5.313738899613838,5.3426700686601585,5.159437645240443,5.188369274139404,767600,0.0,0.0
2011-08-26,5.159437671495389,5.284807297607792,5.072643704062114,5.149794101715088,724800,0.0,0.0
2011-08-29,5.236587429865047,5.468039054420966,5.207656264203424,5.4198198318481445,1152200,0.0,0.0
2011-08-30,5.3716025032559624,5.458396483265959,5.313739696631727,5.410177707672119,835300,0.0,0.0
2011-08-31,5.458395025965366,5.53554541419981,5.400532234789534,5.4198198318481445,870700,0.0,0.0
2011-09-01,5.400532786558415,5.458395583646052,5.29445076197143,5.3040947914123535,808800,0.0,0.0
2011-09-02,5.1690812662796555,5.2173000308300415,5.024424052923288,5.062999248504639,849400,0.0,0.0
2011-09-06,5.448752548055193,5.448752548055193,5.13050690295765,5.236588478088379,1164600,0.0,0.0
2011-09-07,5.352313461395927,5.439107418060303,5.275162613462748,5.439107418060303,725800,0.0,0.0
2011-09-08,5.371601531546128,5.487327123860116,5.371601531546128,5.448751926422119,679200,0.0,0.0
2011-09-09,5.390886800282231,5.4391055463128986,5.255873207750536,5.313736438751221,909000,0.0,0.0
2011-09-12,5.217300365854581,5.400532786558415,5.159437568766944,5.3040947914123535,498900,0.0,0.0
2011-09-13,5.313739696631727,5.458396483265959,5.284808063393255,5.410177707672119,395900,0.0,0.0
2011-09-14,5.458394486751533,5.631983302983445,5.352312943334853,5.564476490020752,527200,0.0,0.0
2011-09-15,5.6223406929725535,5.6223406929725535,5.487327492860482,5.603053092956543,338700,0.0,0.0
2011-09-16,5.660915811019469,5.738066209966166,5.6126970416041075,5.718778610229492,570500,0.0,0.0
2011-09-19,5.622339684122531,5.7959285129712,5.554833326105893,5.699490070343018,704000,0.0,0.0
2011-09-20,5.71877866506736,5.795929524606516,5.641628265380859,5.641628265380859,564000,0.0,0.0
2011-09-21,5.660915013718302,5.728421833215115,5.439107418060303,5.439107418060303,619300,0.0,0.0
2011-09-22,5.236587166075125,5.458394751002022,4.9858484169439965,5.005136013031006,1725100,0.0,0.0
2011-09-23,5.024423595662466,5.236587152051395,4.956916779612434,5.014779567718506,1785200,0.0,0.0
2011-09-26,5.062999180585962,5.178724765777589,4.918341969170129,5.178724765777588,748400,0.0,0.0
2011-09-27,5.304094284657393,5.5548335079340765,5.217299867391988,5.371601104736328,615800,0.0,0.0
2011-09-28,5.361957244186409,5.361957244186409,5.062999248504639,5.062999248504639,463600,0.0,0.0
2011-09-29,5.217299960841464,5.265519184597608,4.99549235929788,5.178724765777588,414700,0.0,0.0
2011-09-30,5.082287379565511,5.169081808656949,4.966561780678695,4.985849380493164,499300,0.0,0.0
2011-10-03,4.927986370847449,5.07264359321197,4.561521530151367,4.561521530151367,679300,0.0,0.0
2011-10-04,4.532590840068957,5.169082658268096,4.532590840068957,5.140151023864746,684300,0.0,0.0
2011-10-05,5.111217455461024,5.217298992266687,5.0244230527541065,5.19801139831543,554200,0.0,0.0
2011-10-06,5.159436605246778,5.38124418258667,5.120861414392236,5.38124418258667,549900,0.0,0.0
2011-10-07,5.400532358519436,5.400532358519436,5.178724757337352,5.207656383514404,384400,0.0,0.0
2011-10-10,5.342669489984866,5.419819878888929,5.246231503854787,5.35231351852417,633000,0.0,0.0
2011-10-11,5.323381396304857,5.477682159723026,5.323381396304857,5.38124418258667,393800,0.0,0.0
2011-10-12,5.4391073965965475,5.554833438113347,5.419819799652512,5.477682590484619,657800,0.0,0.0
2011-10-13,5.458394564295754,5.477682159723026,5.2462310145957725,5.38124418258667,360900,0.0,0.0
2011-10-14,5.4391073965965475,5.506614215826965,5.39088863416275,5.477682590484619,263700,0.0,0.0
2011-10-17,5.4005332426481365,5.448752474219729,5.304095239357623,5.342670440673828,517800,0.0,0.0
2011-10-18,5.361956587159399,5.429463401081122,5.17872420067405,5.38124418258667,540300,0.0,0.0
2011-10-19,5.361958113991252,5.419820916749653,5.198013276249445,5.236588478088379,325300,0.0,0.0
2011-10-20,5.265519101080803,5.35231351852417,5.111218323272677,5.35231351852417,282900,0.0,0.0
2011-10-21,5.458395015080451,5.458395015080451,5.333025864375779,5.439107418060303,394800,0.0,0.0
2011-10-24,5.448751926422119,5.477683094574303,5.390889130265125,5.448751926422119,559000,0.0,0.0
2011-10-25,5.390889216970126,5.458395583646052,5.29445076197143,5.3040947914123535,354700,0.0,0.0
2011-10-26,5.429464327703122,5.458395495855305,5.265519508665326,5.448751926422119,390300,0.0,0.0
2011-10-27,5.6802014953535,5.853790294300897,5.29444917084567,5.776639461517334,1551800,0.0,0.0
2011-10-28,5.410177932633711,5.834505658708191,4.976206175127826,5.709136009216309,750000,0.0,0.0
2011-10-31,5.5837654929405325,5.718778693052605,5.5355462629741785,5.603053092956543,413000,0.0,0.0
2011-11-01,5.333026371225927,5.554833987964494,5.333026371225927,5.3908891677856445,621000,0.0,0.0
2011-11-02,5.506613731384277,5.535544894328829,5.352312969406553,5.506613731384277,565400,0.0,0.0
2011-11-03,5.506615160423727,5.574121991234168,5.361957928602875,5.496971130371094,486600,0.0,0.0
2011-11-04,5.4294633865356445,5.468038577286844,5.323381382043572,5.4294633865356445,303400,0.0,0.0
2011-11-07,5.429463907428232,5.429463907428232,5.2558750725414995,5.35231351852417,269400,0.0,0.0
2011-11-08,5.400531741544237,5.496969718029348,5.294449737484341,5.458394527435303,448700,0.0,0.0
2011-11-09,5.294449368071719,5.390887797680523,5.188367831266056,5.19801139831543,905000,0.0,0.0
2011-11-10,5.313739792635696,5.333027395192246,5.198013717443679,5.284808158874512,723600,0.0,0.0
2011-11-11,5.361958055882556,5.361958055882556,5.304095253751227,5.32338285446167,257700,0.0,0.0
2011-11-14,5.284804859748581,5.31373647544873,5.101572519920787,5.1112165451049805,788400,0.0,0.0
2011-11-15,5.072643220407583,5.198012374713939,5.01477996783222,5.15943717956543,740800,0.0,0.0
2011-11-16,5.091805186642034,5.178762159204495,5.0145103046815525,5.0434956550598145,536500,0.01,0.0
2011-11-17,5.024172473073262,5.072482009833421,4.946877582828118,4.966201305389404,437500,0.0,0.0
2011-11-18,4.9661996426069175,5.120789832051221,4.946875926515596,5.091804027557373,401200,0.0,0.0
2011-11-21,4.97586312830498,5.043495923260022,4.9565394067872734,5.004848480224609,432900,0.0,0.0
2011-11-22,5.014510154724121,5.082143404773909,4.95653899498737,5.014510154724121,438500,0.0,0.0
2011-11-23,4.975861326747827,4.9951850412692025,4.830933237480668,4.937213897705078,514400,0.0,0.0
2011-11-25,4.9082298876810455,4.995186865134201,4.830935001373291,4.830935001373291,191700,0.0,0.0
2011-11-28,4.966199749239919,5.111127853393555,4.966199749239919,5.111127853393555,494500,0.0,0.0
2011-11-29,5.111127569321984,5.120789657394964,4.975861561296291,5.0628180503845215,308200,0.0,0.0
2011-11-30,5.285040914573645,5.468616438284273,5.265717199483773,5.458954811096191,623700,0.0,0.0
2011-12-01,5.44929209488779,5.516925320261041,5.3430119045045235,5.352673530578613,234600,0.0,0.0
2011-12-02,5.449292723194402,5.545911298643756,5.42030738091645,5.458954811096191,276100,0.0,0.0
2011-12-05,5.53625031193946,5.603883552935291,5.458955442637802,5.487940788269043,744800,0.0,0.0
2011-12-06,5.487940522716223,5.5265879554969635,5.420307745706799,5.439631462097168,270100,0.0,0.0
2011-12-07,5.391321246280215,5.4589544752911925,5.294702676774307,5.4009833335876465,445800,0.0,0.0
2011-12-08,5.362337473468063,5.4203086321195135,5.246394695451347,5.256056785583496,384100,0.0,0.0
2011-12-09,5.285040914573645,5.487940153374144,5.265717199483773,5.458954811096191,530100,0.0,0.0
2011-12-12,5.381659950736708,5.5072638684640145,5.362336235646837,5.458954811096191,487000,0.0,0.0
2011-12-13,5.497603124160677,5.507264752900362,5.2270706087427445,5.2753801345825195,487700,0.0,0.0
2011-12-14,5.21741033607518,5.3043668601886,5.1691007976791346,5.265719413757324,284000,0.0,0.0
2011-12-15,5.343012566781741,5.4976022888381335,5.2850409602968815,5.468616485595703,542300,0.0,0.0
2011-12-16,5.458954554107588,5.507263609201188,5.2753790390390565,5.33335018157959,884900,0.0,0.0
2011-12-19,5.40098457995861,5.5072648005842755,5.275380180258692,5.285041809082031,391200,0.0,0.0
2011-12-20,5.391321577924789,5.468616438284273,5.362336235646837,5.458954811096191,791200,0.0,0.0
2011-12-21,5.429969008104531,5.487940153374144,5.41064529301466,5.458954811096191,580400,0.0,0.0
2011-12-22,5.497602254618206,5.613544545438815,5.497602254618206,5.5459113121032715,334900,0.0,0.0
2011-12-23,5.574898135788713,5.574898135788713,5.52658860874568,5.555574417114258,283800,0.0,0.0
2011-12-27,5.526587916374658,5.5555737211118945,5.516926288604737,5.516926288604736,364300,0.0,0.0
2011-12-28,5.48794045926131,5.555573696202458,5.420307683033896,5.429969310760498,414800,0.0,0.0
2011-12-29,5.478278982288821,5.5072643269799935,5.3526745933904145,5.371998310089111,518400,0.0,0.0
2011-12-30,5.352673959765035,5.371997674176278,5.294702816531305,5.34301233291626,466100,0.0,0.0
2012-01-03,5.458954811096191,5.5072638684640145,5.362336235646837,5.458954811096191,543500,0.0,0.0
2012-01-04,5.439632309335397,5.49760346753568,5.420308589935303,5.420308589935303,454000,0.0,0.0
2012-01-05,5.362336235646837,5.468616438284273,5.294703002475434,5.458954811096191,329800,0.0,0.0
2012-01-06,5.429969310760498,5.4976025477016455,5.400983966866959,5.429969310760498,699500,0.0,0.0
2012-01-09,5.478277983040217,5.487939609270392,5.410644756574334,5.449292182922363,210000,0.0,0.0
2012-01-10,5.516925409388246,5.516925409388246,5.420306843518174,5.449292182922363,526700,0.0,0.0
2012-01-11,5.449293628569306,5.574898027878911,5.410646191968471,5.536250591278076,740900,0.0,0.0
2012-01-12,5.584558903976588,5.7391486167907715,5.468616158652266,5.7391486167907715,313800,0.0,0.0
2012-01-13,5.681177726994918,5.7391488718768615,5.652191924197094,5.700501441955566,208600,0.0,0.0
2012-01-17,5.748810499000332,5.787457928921628,5.681177726994918,5.700501441955566,257400,0.0,0.0
2012-01-18,5.748811239596312,6.029005372978828,5.710163804696224,6.0000200271606445,475100,0.0,0.0
2012-01-19,6.009681525675276,6.038667331580917,5.884077595320847,5.893739223480225,214300,0.0,0.0
2012-01-20,5.874414667099098,5.942047897406179,5.8454293260486985,5.91306209564209,171600,0.0,0.0
2012-01-23,5.932385953933162,5.971033383414392,5.816443665489473,5.855091094970703,152600,0.0,0.0
2012-01-24,5.835768137830198,6.000019964805466,5.8067827923132445,5.990357875823975,267700,0.0,0.0
2012-01-25,5.816443767224684,6.231903871771551,5.816443767224684,6.202918529510498,724000,0.0,0.0
2012-01-26,6.241567180284789,6.550747142720217,6.212581371641487,6.2512288093566895,700900,0.0,0.0
2012-01-27,6.231903022476477,6.463788032531737,6.231903022476477,6.463788032531738,459200,0.0,0.0
2012-01-30,6.367171116884149,6.396156462690764,6.251228351516394,6.3381853103637695,382500,0.0,0.0
2012-01-31,6.357509772973387,6.492775810924317,6.299538613851559,6.473452091217041,506100,0.0,0.0
2012-02-01,6.512098437872857,6.637702825250091,6.357508706155487,6.5314226150512695,1391000,0.0,0.0
2012-02-02,6.531423365117932,6.753645899624749,6.502437556735333,6.666689395904541,620500,0.0,0.0
2012-02-03,6.763307926701614,6.763307926701614,6.657027244567871,6.657027244567871,773200,0.0,0.0
2012-02-06,6.618378415168777,6.618378415168777,6.386493841894596,6.4154791831970215,661300,0.0,0.0
2012-02-07,6.434804086970089,6.579732202410108,6.3478475862770996,6.5410847663879395,243600,0.0,0.0
2012-02-08,6.541085340549416,6.541085340549416,6.38649558289121,6.473452091217041,281400,0.0,0.0
2012-02-09,6.46379017750411,6.483113896361711,6.241567180284789,6.2512288093566895,878000,0.0,0.0
2012-02-10,6.173932726535735,6.251227586850156,6.125623669196076,6.202918529510498,858100,0.0,0.0
2012-02-13,6.280213054924702,6.328522570401904,6.212579825399356,6.30919885635376,303000,0.0,0.0
2012-02-14,6.328524051006176,6.405818925282451,6.231904997447041,6.318861961364746,298100,0.0,0.0
2012-02-15,6.338214023884075,6.338214023884075,6.105973887543649,6.144680500030518,714400,0.01,0.0
2012-02-16,6.154358578633027,6.202741622924805,6.009208522919081,6.202741622924805,1514000,0.0,0.0
2012-02-17,6.231770158239632,6.280153189640212,6.1930635485514935,6.260799884796143,931100,0.0,0.0
2012-02-21,6.289831844486176,6.541425339746894,6.289831844486176,6.4543352127075195,660200,0.0,0.0
2012-02-22,6.434981182913569,6.522070838796091,6.367244373743374,6.396274566650391,461900,0.0,0.0
2012-02-23,6.425304310780039,6.570454352762177,6.357567962895835,6.512394428253174,611600,0.0,0.0
2012-02-24,6.531749124609971,6.560779323743867,6.4446589886276415,6.502718925476074,338000,0.0,0.0
2012-02-27,6.473687379852489,6.493040686730494,6.299507617950439,6.2995076179504395,743000,0.0,0.0
2012-02-28,6.3285381551843205,6.599484947472937,6.3285381551843205,6.493041515350342,542000,0.0,0.0
2012-02-29,6.551102257213918,6.560779143799593,6.3382158279418945,6.3382158279418945,416100,0.0,0.0
2012-03-01,6.386597218295894,6.425303831749506,6.289830684661865,6.289830684661865,417000,0.0,0.0
2012-03-02,6.309184172470316,6.309184172470316,6.1930643287766936,6.2220940589904785,606500,0.0,0.0
2012-03-05,6.260801363179531,6.299508443426882,6.202741434937444,6.270478248596191,369700,0.0,0.0
2012-03-06,6.231770826638754,6.260800556308898,6.13500429203955,6.193064212799072,401300,0.0,0.0
2012-03-07,6.2124181213112015,6.599484758609644,6.154358194929327,6.5607781410217285,772500,0.0,0.0
2012-03-08,6.609160703005248,6.91881408267201,6.531747473443368,6.783340930938721,966300,0.0,0.0
2012-03-09,6.773664474487305,6.8801079025695016,6.667221046405107,6.773664474487305,537200,0.0,0.0
2012-03-12,6.793017888814616,6.8123711977289885,6.676898035328382,6.686574459075928,460600,0.0,0.0
2012-03-13,6.763989003606071,6.899462653640926,6.6672224403092955,6.8897857666015625,579900,0.0,0.0
2012-03-14,6.8897847627017335,6.918814958170507,6.705928088517646,6.763988018035889,430300,0.0,0.0
2012-03-15,6.783341278028055,6.812371009889528,6.64786765794362,6.7543110847473145,321100,0.0,0.0
2012-03-16,6.763987991790699,7.044611675502304,6.734958257853869,6.986551284790039,948800,0.0,0.0
2012-03-19,6.986550984983075,7.054287796961126,6.947844367115413,7.0252580642700195,523900,0.0,0.0
2012-03-20,6.938168559848165,6.9768751811550995,6.8317251205444345,6.831725120544434,416200,0.0,0.0
2012-03-21,6.860755028652264,6.8897847627017335,6.734958283986419,6.763988018035889,475100,0.0,0.0
2012-03-22,6.734956967116119,6.754310273171427,6.5801305186736565,6.676897048950195,334600,0.0,0.0
2012-03-23,6.676897607852032,6.744633954005997,6.531747569577569,6.696250915527344,595900,0.0,0.0
2012-03-26,6.802693096453482,6.851076126098632,6.734956301247271,6.851076126098633,469400,0.0,0.0
2012-03-27,6.831724215404394,6.928490755851062,6.802694483980025,6.841401100158691,464400,0.0,0.0
2012-03-28,6.8317245066433605,6.8317245066433605,6.667221150161556,6.686574459075928,379900,0.0,0.0
2012-03-29,6.647868204026778,6.676898399692178,6.454335104321795,6.65754508972168,384400,0.0,0.0
2012-03-30,6.725281442078953,6.734958327771222,6.531748342426627,6.5414252281188965,200400,0.0,0.0
2012-04-02,6.502718196750153,6.89946174621582,6.483364886636167,6.89946174621582,676900,0.0,0.0
2012-04-03,6.899460876827742,6.899460876827742,6.6575443001767205,6.696250915527344,335300,0.0,0.0
2012-04-04,6.589807873503026,6.6478677998849,6.5220710620145335,6.5607781410217285,440600,0.0,0.0
2012-04-05,6.551102428361838,6.7446355509379226,6.53174911610423,6.734959125518799,474900,0.0,0.0
2012-04-09,6.589808013397861,6.628514631807479,6.396274921349772,6.483364582061768,485900,0.0,0.0
2012-04-10,6.483364400662698,6.483364400662698,6.193064770712901,6.212418079376221,602600,0.0,0.0
2012-04-11,6.309183847924472,6.367243766784668,6.251123929064276,6.367243766784668,376100,0.0,0.0
2012-04-12,6.396274921349772,6.512394776578626,6.3382149937353445,6.483364582061768,274600,0.0,0.0
2012-04-13,6.425305500116229,6.425305500116229,6.212419070844207,6.3382158279418945,378400,0.0,0.0
2012-04-16,6.309185504913329,6.38659875039139,6.173712325326724,6.30918550491333,375500,0.0,0.0
2012-04-17,6.3382149937353445,6.531748085783435,6.328538108423296,6.483364582061768,360100,0.0,0.0
2012-04-18,6.4640116691589355,6.483364979550276,6.328538496419551,6.4640116691589355,250000,0.0,0.0
2012-04-19,6.4446559907096415,6.531746086179496,6.31885975009881,6.3575663566589355,243000,0.0,0.0
2012-04-20,6.454335875478728,6.51239581232716,6.396275938630296,6.502718925476074,288800,0.0,0.0
2012-04-23,6.3769206506376435,6.396273956924375,6.260800351498033,6.367243766784668,319200,0.0,0.0
2012-04-24,6.3672453954428345,6.53174877166748,6.3091854617316665,6.5317487716674805,399900,0.0,0.0
2012-04-25,6.531746673131836,6.725279723323622,6.454333453055121,6.705926418304443,418300,0.0,0.0
2012-04-26,6.667220966324359,6.754311084747314,6.589807732801407,6.7543110847473145,339200,0.0,0.0
2012-04-27,5.747937370262001,5.854380783068485,5.002834403455031,5.786643981933594,5368400,0.0,0.0
2012-04-30,5.7866450685060045,5.970501739178887,5.76729175903619,5.931795120239258,1202900,0.0,0.0
2012-05-01,5.893087446804696,6.067267200865717,5.893087446804696,6.01888370513916,1875500,0.0,0.0
2012-05-02,5.951148434416428,6.047914981842042,5.854381886990814,6.047914981842041,560300,0.0,0.0
2012-05-03,6.0285607092528215,6.0285607092528215,5.767290842233678,5.825350761413574,593000,0.0,0.0
2012-05-04,5.805997550198772,5.854381047684787,5.680200825870517,5.738260746002197,628700,0.0,0.0
2012-05-07,5.699553792044167,5.8059972033020815,5.6414938753814505,5.7672905921936035,470000,0.0,0.0
2012-05-08,5.641494986693631,5.709231800186471,5.544728439860496,5.58343505859375,836900,0.0,0.0
2012-05-09,5.515697709325379,5.544727901265074,5.447961363831501,5.457637786865234,623800,0.0,0.0
2012-05-10,5.525373186953184,5.525373186953184,5.360869884490967,5.360869884490967,554700,0.0,0.0
2012-05-11,5.322165762950854,5.360872386131494,5.264105828179893,5.273782253265381,533500,0.0,0.0
2012-05-14,5.19636905291668,5.341519121839022,5.19636905291668,5.283459186553955,441000,0.0,0.0
2012-05-15,5.254428988201747,5.37054932019123,5.244752563030578,5.283459186553955,347800,0.0,0.0
2012-05-16,5.293152539256787,5.370707813312932,5.254374902228714,5.264069080352783,351400,0.01,0.0
2012-05-17,5.254375371423455,5.283458370658557,5.138042449951172,5.138042449951172,356700,0.0,0.0
2012-05-18,5.147736549377441,5.225291829160269,5.060486628488795,5.147736549377441,485900,0.0,0.0
2012-05-21,5.186514354656772,5.273764278327651,5.108959072400857,5.254375457763672,232700,0.0,0.0
2012-05-22,5.234987186693467,5.399792409919145,5.0992654284994945,5.118654251098633,309100,0.0,0.0
2012-05-23,5.089569743437596,5.234986114274707,5.079875102991036,5.196208477020264,216000,0.0,0.0
2012-05-24,5.225289616881983,5.244678428618872,5.099262571725068,5.186511993408203,209500,0.0,0.0
2012-05-25,5.205901422537993,5.234984874725342,5.099263176471225,5.234984874725342,344700,0.0,0.0
2012-05-29,5.264068784926411,5.390096329327766,5.264068784926411,5.3707075119018555,206600,0.0,0.0
2012-05-30,5.341624323179614,5.361013139902381,5.273763233517002,5.331929683685303,297300,0.0,0.0
2012-05-31,5.34162513434872,5.390096952383549,5.293152854047967,5.351319313049316,257700,0.0,0.0
2012-06-01,5.244678428618872,5.361011761305946,5.186511993408204,5.186511993408203,247800,0.0,0.0
2012-06-04,5.234986847615176,5.3416255961362795,5.147736920437368,5.225292205810547,322200,0.0,0.0
2012-06-05,5.176819043226345,5.273763124842489,5.128346771285352,5.215596675872803,166400,0.0,0.0
2012-06-06,5.283457410745458,5.370707317130837,5.283457410745458,5.331929683685303,285300,0.0,0.0
2012-06-07,5.4288740158081055,5.593679196628577,5.351318745366912,5.4288740158081055,287300,0.0,0.0
2012-06-08,5.390096430760474,5.525818155295908,5.380402252998026,5.4870405197143555,135000,0.0,0.0
2012-06-11,5.525818690053364,5.5742909703541175,5.351319313049316,5.351319313049316,255900,0.0,0.0
2012-06-12,5.39009693269161,5.438569212815277,5.3125416543064805,5.419180393218994,248600,0.0,0.0
2012-06-13,5.419180090730971,5.419180090730971,5.264069080352783,5.264069080352783,293100,0.0,0.0
2012-06-14,5.254375799544749,5.409486374146049,5.24468115749918,5.399792194366455,280200,0.0,0.0
2012-06-15,5.331930224737096,5.448263136878453,5.31254140604687,5.322235584259033,834400,0.0,0.0
2012-06-18,5.293151941165717,5.380401845753169,5.186513220255037,5.215596675872803,326300,0.0,0.0
2012-06-19,5.264069597625292,5.554902366180345,5.264069597625292,5.516124725341797,256500,0.0,0.0
2012-06-20,5.487040028563869,5.680928651382344,5.487040028563869,5.622762203216553,186800,0.0,0.0
2012-06-21,5.6518457020688935,5.661540342097221,5.4191798885795786,5.4870405197143555,270700,0.0,0.0
2012-06-22,5.525816855934168,5.632455559840944,5.496733867219628,5.535511493682861,308100,0.0,0.0
2012-06-25,5.448264451168722,5.53551438745508,5.409486804433899,5.467653274536133,176200,0.0,0.0
2012-06-26,5.467651651028701,5.5742903790182785,5.361013385304999,5.4288740158081055,206200,0.0,0.0
2012-06-27,5.4288746166023065,5.564596354894234,5.419180437857275,5.477346897125244,236900,0.0,0.0
2012-06-28,5.419180724962651,5.574291291228246,5.331930800305278,5.43856954574585,214200,0.0,0.0
2012-06-29,5.60337309135523,5.787566603023611,5.5742896376747515,5.729400157928467,365400,0.0,0.0
2012-07-02,5.739097474912287,5.942680358886719,5.642153354511613,5.942680358886719,320800,0.0,0.0
2012-07-03,5.9426793022771545,6.059012226073946,5.884512840378758,6.02023458480835,349100,0.0,0.0
2012-07-05,5.991150505936148,6.068706242748913,5.923289871840591,6.039622783660889,370900,0.0,0.0
2012-07-06,5.971761687299432,6.068706242748913,5.9523728686627155,6.039622783660889,287700,0.0,0.0
2012-07-09,6.020234927260375,6.185040143146835,5.962068462053266,6.165651321411133,350500,0.0,0.0
2012-07-10,6.214122365542096,6.2238170063275,5.962067714578489,6.010539531707764,273900,0.0,0.0
2012-07-11,6.029927880121971,6.039622520150298,5.380402252998026,5.4870405197143555,1238900,0.0,0.0
2012-07-12,5.2446800567830305,5.370707603329809,5.176819425770057,5.293152332305908,912100,0.0,0.0
2012-07-13,5.322234306755808,5.351317758943156,5.205901422537993,5.234984874725342,430900,0.0,0.0
2012-07-16,5.205903384467253,5.264069848497137,5.041098171916265,5.225292205810547,1743900,0.0,0.0
2012-07-17,5.254375668958471,5.312542132988355,5.138042740898703,5.225292205810547,550800,0.0,0.0
2012-07-18,5.225292335674018,5.409486374146049,5.196209334069262,5.399792194366455,516600,0.0,0.0
2012-07-19,5.4288738743925595,5.467651508603046,5.370707423076831,5.448262691497803,204400,0.0,0.0
2012-07-20,5.380403372541293,5.428875195971211,5.341625728890968,5.399792194366455,217500,0.0,0.0
2012-07-23,5.293152242198213,5.409485146753677,5.254374607346391,5.3707075119018555,280000,0.0,0.0
2012-07-24,5.399790773347915,5.428873767299137,5.312540866962536,5.331929683685303,248500,0.0,0.0
2012-07-25,5.351320299025173,5.399792588256902,5.254376182827726,5.283459186553955,190900,0.0,0.0
2012-07-26,5.370709023295159,5.409486669059558,5.293153731766363,5.3610148429870605,275800,0.0,0.0
2012-07-27,5.457958324373383,5.690624171974733,5.138042552788554,5.3804030418396,549400,0.0,0.0
2012-07-30,5.3707092048152125,5.3900980283527185,5.244681620688419,5.2737650871276855,682200,0.0,0.0
2012-07-31,5.273763768666418,5.428874318188227,5.273763768666418,5.322235584259033,348900,0.0,0.0
2012-08-01,5.351318454927158,5.3804019108970556,5.205902099609374,5.205902099609375,536300,0.0,0.0
2012-08-02,5.176820010428967,5.312541750048915,5.147736549377441,5.147736549377441,286700,0.0,0.0
2012-08-03,5.1962092049285875,5.293153311645061,5.1962092049285875,5.225292205810547,310700,0.0,0.0
2012-08-06,5.234985879037982,5.341624607828786,5.186513603515104,5.293152332305908,328400,0.0,0.0
2012-08-07,5.322236734956661,5.428875491941757,5.322236734956661,5.3610148429870605,406300,0.0,0.0
2012-08-08,5.361013385304999,5.516123926187384,5.361013385304999,5.4288740158081055,260000,0.0,0.0
2012-08-09,5.448263682923686,5.448263682923686,5.341625400572708,5.3804030418396,249400,0.0,0.0
2012-08-10,5.351319701155743,5.574291374631648,5.322236238412818,5.55490255355835,687900,0.0,0.0
2012-08-13,5.554902569170657,5.690624317065193,5.52581910634599,5.680930137634277,334200,0.0,0.0
2012-08-14,5.71970710690998,5.855428838835518,5.700318288063475,5.836040019989014,561800,0.0,0.0
2012-08-15,5.816651759680591,5.981456966834093,5.768179476776873,5.952373504638672,358600,0.0,0.0
2012-08-16,5.942661679203362,5.971792577982758,5.826139010125632,5.855269908905029,254800,0.01,0.0
2012-08-17,5.884401402551332,5.971793651580811,5.874691409892508,5.9717936515808105,322500,0.0,0.0
2012-08-20,5.962083339691162,5.981503788497191,5.845560646854988,5.962083339691162,217600,0.0,0.0
2012-08-21,5.971793873621861,6.204839262338798,5.9329529755023716,6.04947566986084,451000,0.0,0.0
2012-08-22,6.020344514406877,6.146577659555862,5.9912140735386545,6.127157211303711,176900,0.0,0.0
2012-08-23,6.098027329543343,6.107737323049691,6.030055522918702,6.030055522918701,114300,0.0,0.0
2012-08-24,5.96208321951379,6.030055020474799,5.563963795505056,5.6319355964660645,1564800,0.0,0.0
2012-08-27,5.680486937466564,5.719327837382708,5.593095144165266,5.602805137634277,643000,0.0,0.0
2012-08-28,5.612515449523925,5.680486791115955,5.5833845438273135,5.612515449523926,425900,0.0,0.0
2012-08-29,5.651358099518793,5.661068095746291,5.593096733093261,5.593096733093262,338400,0.0,0.0
2012-08-30,5.573673725128174,5.622225077125182,5.563963732540778,5.573673725128174,200200,0.0,0.0
2012-08-31,5.690198188727663,5.7193286362235085,5.563965014858695,5.583385467529297,1012800,0.0,0.0
2012-09-04,5.573674231187145,5.690197393955625,5.505702887843919,5.602805137634277,1619600,0.0,0.0
2012-09-05,5.6319376440436155,5.651358099518793,5.573675814597903,5.593096733093262,418900,0.0,0.0
2012-09-06,5.631936391125524,5.68048728750242,5.622225934038097,5.641646385192871,745600,0.0,0.0
2012-09-07,5.68048620223999,5.7484579998056615,5.641645307351032,5.68048620223999,438700,0.0,0.0
2012-09-10,5.661066086582762,5.729037888132167,5.651356093801428,5.690196990966797,318300,0.0,0.0
2012-09-11,5.699906283421471,5.835849869817388,5.66106539102834,5.797008514404297,215200,0.0,0.0
2012-09-12,5.797008371924347,5.835849726382789,5.7193265890473635,5.806718826293945,649500,0.0,0.0
2012-09-13,5.7872983805747,5.855270172102035,5.7775879262051015,5.806718826293945,782600,0.0,0.0
2012-09-14,5.826140122272055,6.068895960700058,5.826140122272055,6.05918550491333,1301800,0.0,0.0
2012-09-17,6.039765213820953,6.088316567980329,6.030055220801095,6.04947566986084,696700,0.0,0.0
2012-09-18,6.039765516425049,6.068896422984197,5.971794172820459,6.030055522918701,363900,0.0,0.0
2012-09-19,6.049475700283654,6.098027054687195,5.991214352811424,6.078606605529785,257100,0.0,0.0
2012-09-20,6.020344717209624,6.09802697585506,5.962083370490566,5.991214275360107,405500,0.0,0.0
2012-09-21,6.049476291846632,6.088317193959606,6.0106353897336575,6.03976583480835,485800,0.0,0.0
2012-09-24,6.000924959960721,6.117448129849145,5.971794514753674,6.068896770477295,534100,0.0,0.0
2012-09-25,6.185417618684305,6.263099399920538,5.991213165593722,6.000923156738281,453900,0.0,0.0
2012-09-26,6.000923399676471,6.049474746424613,5.903821169200144,5.92324161529541,417400,0.0,0.0
2012-09-27,5.932952820825981,6.078606416486785,5.932952820825981,6.05918550491333,330400,0.0,0.0
2012-09-28,6.030055142022275,6.098026944353387,5.962083339691162,5.962083339691162,417800,0.0,0.0
2012-10-01,6.263098508980963,6.418462512372496,6.136865863938926,6.214547634124756,2458100,0.0,0.0
2012-10-02,6.214548609747918,6.282519937821413,6.175707718557363,6.243679046630859,1150600,0.0,0.0
2012-10-03,6.3019402625751795,6.505855168925433,6.26309937212941,6.282519817352295,2475500,0.0,0.0
2012-10-04,6.331070289403501,6.4087520595893315,6.195127191578298,6.214547634124756,928800,0.0,0.0
2012-10-05,6.253389724085886,6.272810170374166,6.0980261537796405,6.136867046356201,1270700,0.0,0.0
2012-10-08,6.1174471258641985,6.253390261566513,6.1174471258641985,6.195128917694092,427000,0.0,0.0
2012-10-09,6.214549588339201,6.214549588339201,6.068895991928904,6.088316440582275,255200,0.0,0.0
2012-10-10,6.088317019286694,6.117447926545701,5.981504310030418,6.020345211029053,295800,0.0,0.0
2012-10-11,6.078606447765599,6.136867793725714,6.039765087438837,6.088316440582275,487400,0.0,0.0
2012-10-12,6.068895991928904,6.136867793725714,6.0009241901320935,6.088316440582275,436200,0.0,0.0
2012-10-15,6.088314778111909,6.185416994864113,6.03976343822586,6.165996551513672,374800,0.0,0.0
2012-10-16,6.195129188609864,6.2242596303099615,6.127157386276269,6.146577835083008,377800,0.0,0.0
2012-10-17,6.165998283889746,6.204839181503223,6.088316488662792,6.146577835083008,534200,0.0,0.0
2012-10-18,6.146578130810505,6.1951294866732916,5.874691834435025,5.913532733917236,614900,0.0,0.0
2012-10-19,5.894111422618448,5.932952316423185,5.79700872508663,5.845560073852539,635600,0.0,0.0
2012-10-22,5.864980949476869,5.942662742764773,5.748458259545013,5.787299156188965,325600,0.0,0.0
2012-10-23,5.748457908630371,5.797008794961516,5.709617014357462,5.748457908630371,323800,0.0,0.0
2012-10-24,5.797009116950306,5.816429565165449,5.709617331492167,5.7581682205200195,227300,0.0,0.0
2012-10-25,5.806719604510941,5.884401397798845,5.729037811223037,5.787299156188965,228600,0.0,0.0
2012-10-26,5.670776029220931,5.748457816522043,5.272656174772765,5.321207523345947,3029400,0.0,0.0
2012-10-31,5.340627791920841,5.360048238097937,5.224105114858268,5.30178689956665,674000,0.0,0.0
2012-11-01,5.282367351528993,5.447441403611156,5.214395546842209,5.42802095413208,1785000,0.0,0.0
2012-11-02,5.554254531860352,5.719328610322969,5.466862726748463,5.554254531860352,667300,0.0,0.0
2012-11-05,5.971794083140554,6.068896331846083,5.7872995790900275,5.913532733917236,1090100,0.0,0.0
2012-11-06,5.913532733917237,6.068896331846083,5.903822277536662,5.913532733917236,756800,0.0,0.0
2012-11-07,5.923242040095994,5.9717933903261216,5.855270705397805,5.864980697631836,518500,0.0,0.0
2012-11-08,5.845560853239249,5.913532657970184,5.748458605780797,5.826140403747559,526700,0.0,0.0
2012-11-09,5.806719954255868,5.92324265120601,5.787299504764178,5.826140403747559,312000,0.0,0.0
2012-11-12,5.8358509349528145,6.010634982622765,5.7872995790900275,5.913532733917236,440900,0.0,0.0
2012-11-13,5.894112208478494,5.913532657970184,5.816429947491694,5.826140403747559,263500,0.0,0.0
2012-11-14,5.85527155645338,5.97179425831811,5.826140649477169,5.932953357696533,591800,0.0,0.0
2012-11-15,6.0009230372714235,6.039763927116293,5.874690376785565,5.884400367736816,454000,0.0,0.0
2012-11-16,5.864979922814382,5.9038208126592515,5.826139032969513,5.884400367736816,377800,0.0,0.0
2012-11-19,5.962211686730813,6.127558574610493,5.9427591389676335,6.030295372009277,360500,0.01,0.0
2012-11-20,6.040022327887244,6.078927426312817,5.971938173749812,6.00111722946167,166200,0.0,0.0
2012-11-21,6.030296445740859,6.176190811834755,6.030296445740859,6.1372857093811035,251300,0.0,0.0
2012-11-23,6.215094967084795,6.23454751534698,6.078927129249499,6.1470112800598145,150700,0.0,0.0
2012-11-26,6.137285254627389,6.2053694107691575,6.108106661841895,6.156737804412842,261300,0.0,0.0
2012-11-27,6.215094115779259,6.273451752572342,6.137283933388481,6.234546661376953,261700,0.0,0.0
2012-11-28,6.195642159733395,6.331810455659741,6.176189612284675,6.322083950042725,486700,0.0,0.0
2012-11-29,6.360990068744115,6.41934772048296,6.322084967584885,6.3804426193237305,371000,0.0,0.0
2012-11-30,6.409620931975055,6.584693866839569,6.3804418776049685,6.555514812469482,884400,0.0,0.0
2012-12-03,6.565241265701147,6.613872867998251,6.448525976730495,6.50688362121582,405000,0.0,0.0
2012-12-04,6.545789659834951,6.545789659834951,6.4096218031005545,6.497158050537109,266000,0.0,0.0
2012-12-05,6.516608552925497,6.526335057241582,6.370714698466245,6.399893283843994,225400,0.0,0.0
2012-12-06,6.380440738997078,6.487429967547748,6.370714698466245,6.399893283843994,235100,0.0,0.0
2012-12-07,6.429074140799935,6.429074140799935,6.185917029947438,6.3026323318481445,450100,0.0,0.0
2012-12-10,6.331810048898249,6.390167687495455,6.195641761719482,6.370715141296387,306700,0.0,0.0
2012-12-11,6.390168219551787,6.4485258630079505,6.322084070293601,6.419346809387207,435900,0.0,0.0
2012-12-12,6.44852431053833,6.506881939945008,6.3220825482645875,6.3415350914001465,405500,0.0,0.0
2012-12-13,6.33181101929862,6.4485263143805795,6.292905457152611,6.3901686668396,294600,0.0,0.0
2012-12-14,6.380440738997078,6.429072333006997,6.312356600140242,6.399893283843994,164700,0.0,0.0
2012-12-17,6.40961922426721,6.419345263942384,6.3123560448042015,6.3415350914001465,503900,0.0,0.0
2012-12-18,6.341536497491443,6.370715550557179,6.27345234952827,6.322083950042725,338400,0.0,0.0
2012-12-19,6.331811389216013,6.399895083432067,6.28317978153136,6.3026323318481445,508400,0.0,0.0
2012-12-20,6.292903900146485,6.331809452666384,6.283177859855441,6.292903900146484,374800,0.0,0.0
2012-12-21,6.195642394953603,6.292905135889819,6.127558708190918,6.127558708190918,1360200,0.0,0.0
2012-12-24,6.127558778565644,6.195642466110266,6.127558778565644,6.185916423797607,137500,0.0,0.0
2012-12-26,6.176188945770264,6.20536799568709,6.127557814289238,6.176188945770264,211600,0.0,0.0
2012-12-27,6.166463828322,6.205368924846369,6.04002203272513,6.1470112800598145,891000,0.0,0.0
2012-12-28,6.127558731797629,6.205368924846369,6.088653635273259,6.1470112800598145,208400,0.0,0.0
2012-12-31,6.127558475555536,6.331810455659741,6.117831969938519,6.322083950042725,390000,0.0,0.0
2013-01-02,6.458251367299554,6.555514098294898,6.322083543906071,6.370715141296387,641500,0.0,0.0
2013-01-03,6.360989044940162,6.3998941398376,6.195642159733395,6.322083950042725,394000,0.0,0.0
2013-01-04,6.3512635909609445,6.467978886456049,6.322084535194489,6.409621238708496,312800,0.0,0.0
2013-01-07,6.3707155010363845,6.419346637387505,6.2248211644124005,6.283178806304932,152500,0.0,0.0
2013-01-08,6.263727231214576,6.3123583751138455,6.244274680897791,6.3026323318481445,258300,0.0,0.0
2013-01-09,6.331810474395752,6.380441611268793,6.312357463104156,6.331810474395752,411900,0.0,0.0
2013-01-10,6.341536540581541,6.380441635743335,6.273452392155742,6.351263046264648,175100,0.0,0.0
2013-01-11,6.380442210097337,6.448526364651928,6.292905506210772,6.438799858093262,357600,0.0,0.0
2013-01-14,6.4679789543151855,6.526336602675,6.419347348789326,6.4679789543151855,677900,0.0,0.0
2013-01-15,6.419346383233149,6.497156569342535,6.419346383233149,6.458251476287842,304400,0.0,0.0
2013-01-16,6.477705284699205,6.477705284699205,6.292905824797061,6.3026323318481445,796900,0.0,0.0
2013-01-17,6.331811827663447,6.380442974930189,6.24427511328373,6.26372766494751,393000,0.0,0.0
2013-01-18,6.273452659752886,6.302631714261537,6.137284820878302,6.185916423797607,523900,0.0,0.0
2013-01-22,6.176189870560425,6.205368924846369,6.127558731797629,6.1470112800598145,1043900,0.0,0.0
2013-01-23,6.147012216887219,6.185917319340871,6.1372857093811035,6.1372857093811035,408700,0.0,0.0
2013-01-24,6.137284322950246,6.234547057112433,6.127558281426678,6.166463375091553,482200,0.0,0.0
2013-01-25,6.176189922886485,6.322084267981589,6.156737374459493,6.195642471313477,342300,0.0,0.0
2013-01-28,6.22482121279913,6.3512630031084605,6.176189612284675,6.322083950042725,343900,0.0,0.0
2013-01-29,6.302630997707003,6.3804411825032785,6.23454685411762,6.370715141296387,660400,0.0,0.0
2013-01-30,6.390166681131651,6.467976853673889,6.3318090517249725,6.3415350914001465,737100,0.0,0.0
2013-01-31,6.3998951699033455,6.565242081722766,6.351264025347002,6.3804426193237305,1341900,0.0,0.0
2013-02-01,6.390166681131651,6.42907176740277,6.3220825482645875,6.3415350914001465,903200,0.0,0.0
2013-02-04,6.351263123914345,6.467978410826672,6.351263123914345,6.419346809387207,728000,0.0,0.0
2013-02-05,6.429073405074854,6.487431049346923,6.419346899136845,6.487431049346924,538700,0.0,0.0
2013-02-06,6.448527467511775,6.59442184434586,6.448527467511775,6.574969291687012,953900,0.0,0.0
2013-02-07,6.565242086138044,6.8181257076284965,6.52633698495265,6.808399200439453,944400,0.0,0.0
2013-02-08,6.808399221655037,6.886209424268289,6.769494120348411,6.82785177230835,884200,0.0,0.0
2013-02-11,6.8570291495310505,7.100186204992644,6.818124057760018,7.002923011779785,1109700,0.0,0.0
2013-02-12,6.9737448254071746,6.983470867015945,6.876482090392945,6.944565773010254,927700,0.0,0.0
2013-02-13,6.954292228322001,7.00292336358624,6.847302988684195,6.905660629272461,660600,0.0,0.0
2013-02-14,6.905661077018203,6.934840131096883,6.857029938600843,6.8764824867248535,543700,0.0,0.0
2013-02-15,6.934839675448382,6.944565716978679,6.847302982749205,6.895934581756592,728100,0.0,0.0
2013-02-19,6.905660230820918,6.993196918545166,6.905660230820918,6.964017868041992,910600,0.0,0.0
2013-02-20,7.041937597225183,7.041937597225183,6.876359460900518,6.895839214324951,721300,0.01,0.0
2013-02-21,6.886099575381534,6.9250590822618125,6.7497408368666045,6.837399959564209,826000,0.0,0.0
2013-02-22,6.866619821941395,6.905579328821673,6.817920206124069,6.837399959564209,458900,0.0,0.0
2013-02-25,6.886100307268022,6.886100307268022,6.749741554260254,6.749741554260254,711100,0.0,0.0
2013-02-26,6.837400936419962,6.8666208029717755,6.730262044975344,6.740002155303955,564300,0.0,0.0
2013-02-27,6.7302620542883504,6.769221566788663,6.6815628958799715,6.701042652130127,399400,0.0,0.0
2013-02-28,6.671821838799045,6.691301592285003,6.496504057425423,6.54520320892334,1367600,0.0,0.0
2013-03-01,6.506244189303028,6.545203699193214,6.418585524267105,6.467284679412842,902800,0.0,0.0
2013-03-04,6.467283728706171,6.515983341126937,6.291965959972477,6.350405216217041,871700,0.0,0.0
2013-03-05,6.360146259431825,6.496504544047477,6.340666504486732,6.467284679412842,672400,0.0,0.0
2013-03-06,6.46728372671575,6.525722982942328,6.39910482666837,6.428324222564697,404600,0.0,0.0
2013-03-07,6.408845428051232,6.447804938023324,6.350406163093092,6.3893656730651855,483400,0.0,0.0
2013-03-08,6.4088454246521,6.477024799284098,6.379626024405524,6.4088454246521,349000,0.0,0.0
2013-03-11,6.389365911496254,6.428325422922194,6.360146510143805,6.418585777282715,487900,0.0,0.0
2013-03-12,6.389364720380085,6.447803976624649,6.291965959972477,6.350405216217041,560900,0.0,0.0
2013-03-13,6.340666754430835,6.447805178635164,6.272487377218435,6.418585777282715,664800,0.0,0.0
2013-03-14,6.447805150224849,6.5744237940182515,6.428325394597711,6.554944038391113,422700,0.0,0.0
2013-03-15,6.56468343980365,6.701042188555541,6.515984284764253,6.6231231689453125,643100,0.0,0.0
2013-03-18,6.574424277762262,6.6036441455699615,6.4672853817127525,6.535464763641357,387500,0.0,0.0
2013-03-19,6.5257220220656045,6.6036414833284205,6.4380633828499505,6.486762523651123,238200,0.0,0.0
2013-03-20,6.486765378480691,6.554944762928751,6.467285620700397,6.506245136260986,241800,0.0,0.0
2013-03-21,6.477025503374252,6.535464774654083,6.4672853926105915,6.496505260467529,264200,0.0,0.0
2013-03-22,6.496502630471672,6.5257220220656045,6.467282774443883,6.486762523651123,165700,0.0,0.0
2013-03-25,6.515985017560807,6.574424288840638,6.457545746280974,6.496505260467529,617700,0.0,0.0
2013-03-26,6.535463091197054,6.535463091197054,6.369884966338118,6.428324222564697,338300,0.0,0.0
2013-03-27,6.399105779381238,6.5062441995306735,6.389365669676384,6.4088454246521,348300,0.0,0.0
2013-03-28,6.438064806448427,6.49650406699236,6.282226313897313,6.4478044509887695,681700,0.0,0.0
2013-04-01,6.457545735399547,6.5549445207018096,6.457545735399547,6.535464763641357,722000,0.0,0.0
2013-04-02,6.52572465289411,6.593904034822714,6.486765138773205,6.535464763641357,585200,0.0,0.0
2013-04-03,6.56468343980365,6.769221098497495,6.5354640396668096,6.6231231689453125,545300,0.0,0.0
2013-04-04,6.64260312731907,6.769221305847169,6.6133832618531985,6.769221305847168,473300,0.0,0.0
2013-04-05,6.73026157209014,6.759481436588891,6.671822307526627,6.720521926879883,584300,0.0,0.0
2013-04-08,6.749741801198545,6.749741801198545,6.67182277630574,6.740002155303955,330300,0.0,0.0
2013-04-09,6.730259888908176,6.749739638890957,6.63286113899427,6.652340888977051,537600,0.0,0.0
2013-04-10,6.642603586762951,6.856880912075416,6.632863476122639,6.847141265869141,448600,0.0,0.0
2013-04-11,6.8374013960213755,6.915320426151799,6.730262497375017,6.8179216384887695,823300,0.0,0.0
2013-04-12,6.525723954506389,6.535464064211243,6.2822267850929565,6.4088454246521,2458900,0.0,0.0
2013-04-15,6.369885464769781,6.399105327386431,6.145868066155322,6.175087928771973,1145600,0.0,0.0
2013-04-16,6.184828548907345,6.204308305579729,5.990030982183504,6.097169876098633,878000,0.0,0.0
2013-04-17,6.087427619681958,6.175086726024217,5.990028870653821,6.126387119293213,808800,0.0,0.0
2013-04-18,6.145869028162832,6.165348784811762,5.999770621078841,6.0776896476745605,650700,0.0,0.0
2013-04-19,6.067947407293134,6.204305645537408,6.058207300915911,6.184825897216797,456000,0.0,0.0
2013-04-22,6.214047435971534,6.223787080554445,6.067949051756199,6.175087928771973,296700,0.0,0.0
2013-04-23,6.21404766552903,6.233527419848426,6.145868293194155,6.204307556152344,311700,0.0,0.0
2013-04-24,6.223787068608112,6.291966438293457,6.155608163356726,6.291966438293457,218500,0.0,0.0
2013-04-25,6.3114469050725415,6.447805195418259,6.3114469050725415,6.340666770935059,659200,0.0,0.0
2013-04-26,6.4575450241880095,6.53546404384809,6.204307745858758,6.525723934173584,903100,0.0,0.0
2013-04-29,6.564683217076723,6.603643189993993,6.467284445868488,6.477024555206299,577900,0.0,0.0
2013-04-30,6.486764424343543,6.525723934173584,6.447804914513504,6.525723934173584,277700,0.0,0.0
2013-05-01,6.535463093208459,6.574422597371502,6.340665572393243,6.350405216217041,658400,0.0,0.0
2013-05-02,6.360145792389849,6.457544559963071,6.282226313897313,6.4478044509887695,535700,0.0,0.0
2013-05-03,6.5159835767469625,6.6815617076442155,6.447804209779288,6.593902587890625,518400,0.0,0.0
2013-05-06,6.5744235638278505,6.593903318772943,6.457545034157291,6.467284679412842,458800,0.0,0.0
2013-05-07,6.486764669523338,6.53546429086858,6.4088456469181585,6.515984535217285,384200,0.0,0.0
2013-05-08,6.535464785799694,6.564684189272419,6.428325889386932,6.457545757293701,342100,0.0,0.0
2013-05-09,6.457544082894949,6.457544082894949,6.389364718413645,6.428324222564697,328100,0.0,0.0
2013-05-10,6.477024789102384,6.506244189303028,6.418585524267105,6.467284679412842,356400,0.0,0.0
2013-05-13,6.4770255144202,6.4770255144202,6.379626728787709,6.457545757293701,126000,0.0,0.0
2013-05-14,6.506244189303028,6.535464053937664,6.408845414577562,6.467284679412842,352300,0.0,0.0
2013-05-15,6.438065279212198,6.477024789102384,6.428325169522655,6.467284679412842,309300,0.0,0.0
2013-05-16,6.43806552886963,6.467284930203353,6.428325418802381,6.438065528869629,255000,0.0,0.0
2013-05-17,6.438063770504836,6.506346433476679,6.428309370158908,6.496591567993164,766000,0.01,0.0
2013-05-20,6.49659187217956,6.613647937774659,6.486837471376908,6.613647937774658,1079400,0.0,0.0
2013-05-21,6.564875051505465,6.5941391864761325,6.399046038659519,6.4380645751953125,454000,0.0,0.0
2013-05-22,6.418554821417749,6.477082621794303,6.233216554323188,6.242971420288086,882300,0.0,0.0
2013-05-23,6.194197177886963,6.213706442024498,6.086895992561742,6.194197177886963,386700,0.0,0.0
2013-05-24,6.174689671489689,6.65266747663091,6.14542599952171,6.633158206939697,1248800,0.0,0.0
2013-05-28,6.662421878907676,6.808741634160608,6.603894069834039,6.633158206939697,783700,0.0,0.0
2013-05-29,6.603892762623895,6.652666159766296,6.486837167647236,6.496591567993164,534400,0.0,0.0
2013-05-30,6.525857108089743,6.6429127283360385,6.506347838048694,6.584384918212891,281000,0.0,0.0
2013-05-31,6.545367067826262,6.711196113217687,6.545367067826262,6.681931972503662,496700,0.0,0.0
2013-06-03,6.7111960329940645,6.759968980084107,6.613649673676247,6.750214576721191,1284900,0.0,0.0
2013-06-04,6.79898645911993,6.935551805917075,6.750213519667514,6.906287670135498,778100,0.0,0.0
2013-06-05,6.711195038583315,6.789232114474665,6.52585675077253,6.730704307556152,1500200,0.0,0.0
2013-06-06,6.711194597976152,6.730703865668156,6.516101455918482,6.55511999130249,729000,0.0,0.0
2013-06-07,6.61364997081556,6.623404374616723,6.535612414717489,6.564876556396484,471600,0.0,0.0
2013-06-10,6.56487569335298,6.642912774054247,6.525857153002346,6.603894233703613,362200,0.0,0.0
2013-06-11,6.535612154721156,6.584385567199953,6.438065794901296,6.447820663452148,286500,0.0,0.0
2013-06-12,6.457574406949474,6.477083676919745,6.30150024718731,6.3697829246521,332500,0.0,0.0
2013-06-13,6.37953836701319,6.428311782458388,6.32101054756161,6.408802509307861,296200,0.0,0.0
2013-06-14,6.4185569133142435,6.438066186464771,6.35027468985628,6.408802509307861,456600,0.0,0.0
2013-06-17,6.46732871016598,6.5161016482669,6.389291637094394,6.4380645751953125,260500,0.0,0.0
2013-06-18,6.467330317447549,6.516103267669677,6.408802498098338,6.516103267669678,270400,0.0,0.0
2013-06-19,6.496593994553273,6.574631087018888,6.467330317447549,6.516103267669678,334800,0.0,0.0
2013-06-20,6.438064796187062,6.477083334062198,6.3502733185368365,6.428310394287109,401700,0.0,0.0
2013-06-21,6.486838412618585,6.486838412618585,6.321009388673177,6.418555736541748,824400,0.0,0.0
2013-06-24,6.389292064750015,6.447819873471158,6.301500119099463,6.418555736541748,476100,0.0,0.0
2013-06-25,6.4380645751953125,6.46732871016598,6.360027502123726,6.4380645751953125,313400,0.0,0.0
2013-06-26,6.447820788147373,6.496593736431663,6.369783698782316,6.399047374725342,379300,0.0,0.0
2013-06-27,6.4088016044802325,6.545366497252986,6.3697830636880175,6.535611629486084,427300,0.0,0.0
2013-06-28,6.496592814836604,6.5063476821923,6.369782795176301,6.418555736541748,1409100,0.0,0.0
2013-07-01,6.4380659666660485,6.555121601572873,6.418556694181578,6.525857925415039,266200,0.0,0.0
2013-07-02,6.506347054641297,6.623402660793319,6.467328519257289,6.55511999130249,497400,0.0,0.0
2013-07-03,6.516103267669677,6.5843859561459706,6.496593994553273,6.516103267669678,385800,0.0,0.0
2013-07-05,6.584384963528297,6.633158371535435,6.506347882827029,6.603894233703613,404100,0.0,0.0
2013-07-08,6.642913428310119,6.75021465741123,6.642913428310119,6.681931972503662,506900,0.0,0.0
2013-07-09,6.662421878907676,6.6916860160133345,6.584384800142827,6.633158206939697,541400,0.0,0.0
2013-07-10,6.613647937774659,6.652666471260488,6.525856004862737,6.613647937774658,438300,0.0,0.0
2013-07-11,6.662422402310655,6.681931673534525,6.594140185595969,6.652667999267578,201600,0.0,0.0
2013-07-12,6.633158206939697,6.662421878907676,6.584384800142827,6.633158206939697,262700,0.0,0.0
2013-07-15,6.613650057596551,6.818497191486413,6.603895188529637,6.711196422576904,649400,0.0,0.0
2013-07-16,6.6916868844517055,6.740459832440585,6.672177612228605,6.701441287994385,521700,0.0,0.0
2013-07-17,6.701439665518983,6.701439665518983,6.594138926839221,6.6234025955200195,371100,0.0,0.0
2013-07-18,6.6234023385773115,6.711194271489233,6.594138671031744,6.613647937774658,601800,0.0,0.0
2013-07-19,6.6429127283360385,6.6429127283360385,6.496592970459325,6.584384918212891,781900,0.0,0.0
2013-07-22,6.623403826813773,6.8477606773376465,6.555121145302085,6.8477606773376465,626400,0.0,0.0
2013-07-23,6.847761111046241,6.955062341606987,6.711196204511127,6.828251838684082,1070400,0.0,0.0
2013-07-24,6.828249746501356,6.867268279270355,6.6526663490408575,6.662420749664307,412000,0.0,0.0
2013-07-25,6.6819312965263356,7.120890572003,6.642912756280102,7.101381301879883,1339700,0.0,0.0
2013-07-26,7.0330992616962185,7.1013819458883765,6.73070531479563,7.072117805480957,1445300,0.0,0.0
2013-07-29,7.04285387526099,7.169664378914798,6.964816785362569,7.062363147735596,821700,0.0,0.0
2013-07-30,7.091625757728456,7.111135025990444,6.994079416418517,7.023343086242676,820900,0.0,0.0
2013-07-31,7.023345429709356,7.101382993933603,6.955063200577617,7.003836154937744,434200,0.0,0.0
2013-08-01,7.042853084162574,7.091626492439419,6.83800597875783,6.925797462463379,1368500,0.0,0.0
2013-08-02,6.974569797515869,7.052606866640573,6.935551262953518,6.974569797515869,902700,0.0,0.0
2013-08-05,6.984324198587647,7.003833465868822,6.945305664025295,6.974569797515869,668000,0.0,0.0
2013-08-06,6.945308133235588,7.3940219053679,6.945308133235588,7.355003356933594,1646800,0.0,0.0
2013-08-07,7.315982582556459,7.394019655681705,7.208681374440424,7.218436241149902,441500,0.0,0.0
2013-08-08,7.228192823229582,7.228192823229582,7.111137178229879,7.12089204788208,437900,0.0,0.0
2013-08-09,7.12089204788208,7.179419870381932,7.0233452119112085,7.12089204788208,272000,0.0,0.0
2013-08-12,7.052608533588588,7.159909761565484,7.003835121288799,7.072117805480957,376600,0.0,0.0
2013-08-13,7.0526080280663725,7.159909248352051,7.033098757572404,7.159909248352051,281500,0.0,0.0
2013-08-14,7.1403996922766995,7.228191173419476,7.03309847628255,7.042852878570557,326400,0.0,0.0
2013-08-15,6.984324768415489,7.0330981731665,6.789232079686768,6.818495750427246,1519200,0.0,0.0
2013-08-16,6.769723978716196,6.955062297551591,6.769723978716196,6.808742523193359,691400,0.0,0.0
2013-08-19,6.789204230828583,6.82827875136073,6.642675011735541,6.6524434089660645,809100,0.01,0.0
2013-08-20,6.652443862341536,6.886891467317458,6.652443862341536,6.8478169441223145,702900,0.0,0.0
2013-08-21,6.808742232844778,6.896660146522476,6.759899309761117,6.828279495239258,976200,0.0,0.0
2013-08-22,6.857584764376919,6.916196544232531,6.701286684761953,6.838047504425049,718900,0.0,0.0
2013-08-23,6.8185102444731776,6.847816367303494,6.740361204665695,6.838047504425049,451000,0.0,0.0
2013-08-26,6.828279786420976,6.838048650937333,6.759899598026865,6.808742523193359,465000,0.0,0.0
2013-08-27,6.730593495753945,6.759899623608825,6.662213307101059,6.711056232452393,600000,0.0,0.0
2013-08-28,6.691518882003343,6.740362272523661,6.6426759572881195,6.701287746429443,456900,0.0,0.0
2013-08-29,6.6719806587653325,6.7989730831981054,6.632906138294484,6.750129699707031,393500,0.0,0.0
2013-08-30,6.701286880995203,6.798973183615097,6.603600578375309,6.759898662567139,682500,0.0,0.0
2013-09-03,6.798973850728323,6.828279511487237,6.681750276082509,6.7794365882873535,748600,0.0,0.0
2013-09-04,6.78920432045059,6.798973183615097,6.730592538878654,6.759898662567139,411100,0.0,0.0
2013-09-05,6.759898274953579,6.798972793760998,6.72082375614616,6.76966667175293,696700,0.0,0.0
2013-09-06,6.828279786420976,6.85758591416495,6.691518943827656,6.808742523193359,758000,0.0,0.0
2013-09-09,6.847816262995571,7.0334199968086635,6.847816262995571,7.023651599884033,430300,0.0,0.0
2013-09-10,7.033420743037483,7.150644779205322,7.013883481310353,7.150644779205322,578900,0.0,0.0
2013-09-11,7.131107517478192,7.219024962347744,7.062726868530708,7.150644779205322,434100,0.0,0.0
2013-09-12,7.131106760885044,7.140875157809674,6.974808217845842,7.023651599884033,340700,0.0,0.0
2013-09-13,7.062726397729549,7.16041269985343,6.965040095605668,7.101800918579102,339600,0.0,0.0
2013-09-16,7.150644103518033,7.219024280198993,7.1018007209130465,7.179949760437012,427900,0.0,0.0
2013-09-17,7.199487872845786,7.258099659429278,7.140876086262295,7.219025135040283,780200,0.0,0.0
2013-09-18,7.219025796775109,7.277637588731274,7.082264948877392,7.238563060760498,426900,0.0,0.0
2013-09-19,7.22879382611384,7.22879382611384,7.131107517478192,7.150644779205322,332600,0.0,0.0
2013-09-20,7.189718530412758,7.199486927324569,7.0724945068359375,7.0724945068359375,528700,0.0,0.0
2013-09-23,7.052957445954166,7.062726308946269,6.945502747871192,7.04318904876709,305500,0.0,0.0
2013-09-24,7.072494706133345,7.121338089483808,7.0041145284087305,7.04318904876709,245800,0.0,0.0
2013-09-25,7.043190195478052,7.082264722198185,6.965041142037784,7.0138840675354,241500,0.0,0.0
2013-09-26,7.033420387558246,7.062726511570298,6.89665956238043,6.916196823120117,306200,0.0,0.0
2013-09-27,6.867353439331054,6.955270873806112,6.8380473173026965,6.867353439331055,513500,0.0,0.0
2013-09-30,6.8185108883095245,6.965040584687099,6.789204762711984,6.9552717208862305,630800,0.0,0.0
2013-10-01,6.935734351636353,7.09203290939331,6.906428692297901,7.0920329093933105,431500,0.0,0.0
2013-10-02,7.062726784249801,7.131107432381285,6.984577738273851,7.0920329093933105,706800,0.0,0.0
2013-10-03,7.06272611919258,7.1213378981554,6.965039820921212,7.023651599884033,480400,0.0,0.0
2013-10-04,7.004114331038222,7.1604124080673,7.004114331038222,7.0724945068359375,216100,0.0,0.0
2013-10-07,7.033421330895467,7.062727458838118,6.974809540815267,7.0138840675354,396100,0.0,0.0
2013-10-08,7.033420085906982,7.082263468563914,6.974808306201677,7.033420085906982,715800,0.0,0.0
2013-10-09,7.0724952916662644,7.082264155467133,6.935734459089558,6.9552717208862305,523900,0.0,0.0
2013-10-10,7.023652345076449,7.150644779205322,6.994346219583224,7.150644779205322,274500,0.0,0.0
2013-10-11,7.1115690216244705,7.267867088317871,7.082262901216967,7.267867088317871,282100,0.0,0.0
2013-10-14,7.228794179664391,7.297174366151195,7.199488052737842,7.287405967712402,297300,0.0,0.0
2013-10-15,7.258099840785854,7.326480493077743,7.20925691698172,7.287405967712402,334100,0.0,0.0
2013-10-16,7.326478666004926,7.375322043433613,7.267866892573482,7.297172546386719,377900,0.0,0.0
2013-10-17,7.297173212512984,7.3362481975058955,7.258098693325085,7.316710472106934,376700,0.0,0.0
2013-10-18,7.316709804197201,7.316709804197201,7.189717861331558,7.297172546386719,498500,0.0,0.0
2013-10-21,7.297173212512984,7.3264793348064154,7.277635952919034,7.316710472106934,389100,0.0,0.0
2013-10-22,7.326478960366134,7.326478960366134,7.179949287997814,7.228792667388916,430500,0.0,0.0
2013-10-23,7.179949570919252,7.258098608380441,7.15064391477381,7.160412311553955,525800,0.0,0.0
2013-10-24,7.17018195536926,7.219024876201701,7.082264045743788,7.0920329093933105,1036400,0.0,0.0
2013-10-25,7.883290172124119,8.694087010891314,7.639074700189299,8.498714447021484,9575900,0.0,0.0
2013-10-28,8.537788556497247,8.76246769304182,8.27403584063429,8.3131103515625,3459700,0.0,0.0
2013-10-29,8.40102937943743,8.440103895693001,8.254499244771573,8.332648277282715,2074700,0.0,0.0
2013-10-30,8.381493579712945,8.401031308131145,8.205657750389824,8.283806800842285,1123500,0.0,0.0
2013-10-31,8.283806828717056,8.303344557201,8.117740794654393,8.234964370727539,1212900,0.0,0.0
2013-11-01,8.234964581586087,8.274039107944317,8.049359882676852,8.156815528869629,1016100,0.0,0.0
2013-11-04,8.293572984204062,8.35218521890244,8.166580585365795,8.205655097961426,1110500,0.0,0.0
2013-11-05,8.20565644823126,8.244730967256741,8.068896097447084,8.147045135498047,715100,0.0,0.0
2013-11-06,8.10796812397468,8.166579418689997,8.010281390636175,8.088430404663086,379800,0.0,0.0
2013-11-07,8.068898385532659,8.205658775097776,7.961442729034029,8.039591789245605,530400,0.0,0.0
2013-11-08,8.088432508924598,8.24473057764044,7.990746681782183,8.059126853942871,862600,0.0,0.0
2013-11-11,8.068897045573168,8.186120616423828,8.020053658149527,8.0982027053833,678900,0.0,0.0
2013-11-12,8.10796984670098,8.26426790796395,8.039588746190983,8.166581153869629,719600,0.0,0.0
2013-11-13,8.147044368702508,8.215424537658691,8.068895338006891,8.215424537658691,649800,0.0,0.0
2013-11-14,8.225195901011437,8.225195901011437,8.059128927373113,8.127509117126465,270300,0.0,0.0
2013-11-15,8.10797119140625,8.166582508295573,8.0102844211106,8.10797119140625,457000,0.0,0.0
2013-11-18,8.147047445744235,8.186121975850023,8.020054989997853,8.039591789245605,344700,0.0,0.0
2013-11-19,8.010248035942768,8.0884930791348,7.873321309029296,7.892881870269775,521200,0.01,0.0
2013-11-20,7.951564973465224,7.951564973465224,7.814637321488817,7.824418067932129,432000,0.0,0.0
2013-11-21,7.873320464684564,7.980905871828036,7.863539718741538,7.97112512588501,511700,0.0,0.0
2013-11-22,7.990690060933328,8.010250628504693,7.89288442484548,7.941787242889404,492800,0.0,0.0
2013-11-25,7.941785242313944,7.980907300345306,7.834199815913559,7.863541126251221,548600,0.0,0.0
2013-11-26,7.892882709117289,7.941785516530885,7.853760649735106,7.883102893829346,489400,0.0,0.0
2013-11-27,7.912445242965592,8.029811436505728,7.912445242965592,7.961348056793213,321800,0.0,0.0
2013-11-29,8.020029681116638,8.108054548415335,7.922224998474121,7.922224998474121,226800,0.0,0.0
2013-12-02,7.8928807517011474,7.941783546986964,7.667929199226928,7.775514602661133,672500,0.0,0.0
2013-12-03,7.785297132380557,7.853760501824129,7.707053015089773,7.765736103057861,450700,0.0,0.0
2013-12-04,7.736393654011067,7.76573542863275,7.53100263077434,7.609247207641602,527000,0.0,0.0
2013-12-05,7.628808147983108,7.667930202783293,7.5310025446109625,7.6385884284973145,433600,0.0,0.0
2013-12-06,7.677710533142089,7.736393615723345,7.628808197510217,7.67771053314209,601900,0.0,0.0
2013-12-09,7.707052042723868,7.765735123288161,7.501661027563008,7.658149242401123,1394500,0.0,0.0
2013-12-10,7.7070522070332395,7.824418370663997,7.59946632385254,7.599466323852539,987200,0.0,0.0
2013-12-11,7.628808461019673,7.667930517425173,7.384295375299449,7.413636684417725,589700,0.0,0.0
2013-12-12,7.403855824835531,7.452758158334473,7.325611251768229,7.335391998291016,731500,0.0,0.0
2013-12-13,7.374513422435971,7.628807213871788,7.364733143119314,7.570123672485352,609800,0.0,0.0
2013-12-16,7.579905912593512,7.746174891102134,7.579905912593512,7.716833114624023,655600,0.0,0.0
2013-12-17,7.6972713974659985,7.843979800366045,7.67771037035366,7.736393451690674,466900,0.0,0.0
2013-12-18,7.726612884131518,7.82441801605791,7.550563180292354,7.7852959632873535,449400,0.0,0.0
2013-12-19,8.205858172570174,8.3623463730196,8.098271835203757,8.342784881591797,1982000,0.0,0.0
2013-12-20,8.430811955290428,8.450373451887167,8.21564015644379,8.29388427734375,1946200,0.0,0.0
2013-12-23,8.333004278989925,8.342784091033847,8.166735348582158,8.21563720703125,556200,0.0,0.0
2013-12-24,8.196077318694927,8.293881976313493,8.196077318694927,8.264540672302246,219200,0.0,0.0
2013-12-26,8.303662890191628,8.342784940580602,8.176515993241647,8.20585823059082,273600,0.0,0.0
2013-12-27,8.196077318694927,8.264540672302246,8.137393777929198,8.264540672302246,507300,0.0,0.0
2013-12-30,8.20585823059082,8.254760094019597,8.147174688635731,8.20585823059082,549700,0.0,0.0
2013-12-31,8.215640473394288,8.32322684333992,8.147177098151454,8.244982719421387,1450800,0.0,0.0
2014-01-02,8.254761695861816,8.254761695861816,8.127615706982326,8.254761695861816,758000,0.0,0.0
2014-01-03,8.26453958099691,8.401467202873944,8.215636792273463,8.323223114013672,501900,0.0,0.0
2014-01-06,8.323224639871771,8.362346691473972,8.1960777389788,8.225419044494629,448000,0.0,0.0
2014-01-07,8.225420385562199,8.342786559504109,8.225420385562199,8.254761695861816,334300,0.0,0.0
2014-01-08,8.264539719346558,8.372126042887778,8.235198418718557,8.333003997802734,689300,0.0,0.0
2014-01-09,8.32322684333992,8.372129653974888,8.20586065746212,8.244982719421387,438600,0.0,0.0
2014-01-10,8.2449791631756,8.372126042887778,8.16673507300551,8.333003997802734,506300,0.0,0.0
2014-01-13,8.284103450103968,8.352566814344565,8.108053733207143,8.147175788879395,378900,0.0,0.0
2014-01-14,8.196076902371322,8.323223790285883,8.137393364586451,8.303662300109863,441400,0.0,0.0
2014-01-15,8.313445995992119,8.42103143191729,8.303665247432507,8.381909370422363,834700,0.0,0.0
2014-01-16,8.401470541664706,8.792691141439292,8.313445673529554,8.714447021484375,1315900,0.0,0.0
2014-01-17,8.753568451219971,8.880715370178224,8.753568451219971,8.880715370178223,991600,0.0,0.0
2014-01-21,8.929620876152061,8.94918144427807,8.704668279868901,8.939401626586914,1096200,0.0,0.0
2014-01-22,8.900275804836282,8.958958417214793,8.792689460903501,8.802470207214355,672800,0.0,0.0
2014-01-23,8.7242282111378,8.900277956316774,8.636203338548315,8.890497207641602,1013800,0.0,0.0
2014-01-24,8.851374026572286,8.870934588705984,8.577519627496617,8.665543556213379,1054100,0.0,0.0
2014-01-27,8.66554535016704,8.734009663667099,8.333008263104558,8.655765533447266,1585600,0.0,0.0
2014-01-28,8.714448471504149,8.734009971119509,8.548179455748144,8.606863021850586,1006800,0.0,0.0
2014-01-29,8.606859918795017,8.67532327727821,8.45037170926583,8.518835067749023,1099400,0.0,0.0
2014-01-30,8.039591086265453,8.264542693265424,7.98090753114959,8.059151649475098,3819900,0.0,0.0
2014-01-31,7.922224480489731,8.029809904185207,7.834199618946425,7.990687847137451,2507200,0.0,0.0
2014-02-03,7.951564311981202,8.029808411531995,7.863539466800748,7.951564311981201,1373000,0.0,0.0
2014-02-04,7.951567993046923,8.09827551443502,7.912445925160519,7.941787242889404,923300,0.0,0.0
2014-02-05,7.941786558164727,8.059152751704865,7.932005808850485,7.961348056793213,1143600,0.0,0.0
2014-02-06,8.020029681116638,8.049370992635044,7.853760694606537,7.922224998474121,1695500,0.0,0.0
2014-02-07,7.902662985594145,8.000468594585243,7.834199618946425,7.990687847137451,965300,0.0,0.0
2014-02-10,7.951565654249676,8.078712570668634,7.932004159688268,7.980906963348389,664900,0.0,0.0
2014-02-11,7.9906895252925745,8.049372156816665,7.941786710526759,8.010250091552734,852000,0.0,0.0
2014-02-12,7.96134692153935,7.990688232554541,7.873322055750316,7.912444114685059,361700,0.0,0.0
2014-02-13,7.834103581524417,7.961407876791939,7.804725487636157,7.922237396240234,787400,0.01,0.0
2014-02-14,7.892858297200773,7.971199243692782,7.8438949721688305,7.932028770446777,517500,0.0,0.0
2014-02-18,7.961405067181704,8.18663501739502,7.941819366868758,8.18663501739502,662800,0.0,0.0
2014-02-19,8.176844620191444,8.176844620191444,7.980991316267667,7.990784168243408,434600,0.0,0.0
2014-02-20,8.000577192677968,8.098503846750743,7.834102441092919,8.049540519714355,761800,0.0,0.0
2014-02-21,8.06912384243172,8.245391414577755,8.020160524180309,8.23559856414795,820900,0.0,0.0
2014-02-24,8.235599200165943,8.274769671012601,8.127880638812053,8.206221580505371,661600,0.0,0.0
2014-02-25,8.196429577063144,8.216015281461038,7.9907843503741995,8.137674331665039,776300,0.0,0.0
2014-02-26,8.118085427990538,8.196426346912968,8.069122120189665,8.108292579650879,671000,0.0,0.0
2014-02-27,8.059332334610282,8.176844691549162,8.059332334610282,8.157258987426758,446400,0.0,0.0
2014-02-28,8.196428524891576,8.323732785442536,8.127880436094008,8.245391845703125,878600,0.0,0.0
2014-03-03,8.167053311493552,8.343320944774057,8.147467603841077,8.323735237121582,565500,0.0,0.0
2014-03-04,8.411868294820874,8.666476867943935,8.382490669890629,8.548964500427246,1332800,0.0,0.0
2014-03-05,8.529379728439704,8.578343059255348,8.49020925056676,8.548964500427246,449600,0.0,0.0
2014-03-06,8.558756524871225,8.666476029017826,8.509793198795293,8.617512702941895,359200,0.0,0.0
2014-03-07,8.646890953354509,8.715439054503197,8.568549999499483,8.676268577575684,468000,0.0,0.0
2014-03-10,8.666477939524967,8.70564842224121,8.597928894348062,8.705648422241211,324800,0.0,0.0
2014-03-11,8.744815449524625,8.950460636000603,8.735022599240626,8.911290168762207,1248000,0.0,0.0
2014-03-12,8.862327349204255,8.872120200038506,8.725230239217733,8.813364028930664,399900,0.0,0.0
2014-03-13,8.862327001727511,8.872119852177798,8.67626657876251,8.695852279663086,398200,0.0,0.0
2014-03-14,8.656682555992951,8.783986821098459,8.637096853408549,8.735023498535156,365900,0.0,0.0
2014-03-17,8.764401751069764,8.89170602536324,8.686060802873435,8.793779373168945,504100,0.0,0.0
2014-03-18,8.813362113060956,9.33237095378326,8.813362113060956,9.293200492858887,2073400,0.0,0.0
2014-03-19,9.302997265079371,9.46947202769262,9.156108208137256,9.449886322021484,2169300,0.0,0.0
2014-03-20,9.469470001020063,9.557603789881922,9.283409572556659,9.381336212158203,1143900,0.0,0.0
2014-03-21,9.430299352673853,9.616358843702317,9.351958416041063,9.50864028930664,2615600,0.0,0.0
2014-03-24,9.50863970690875,9.596773488696911,9.293201677415205,9.342164993286133,1232100,0.0,0.0
2014-03-25,9.351961038552238,9.449886769855102,9.097352456148588,9.107145309448242,875400,0.0,0.0
2014-03-26,9.136522394363253,9.263826678025822,9.038595734961941,9.205070495605469,941900,0.0,0.0
2014-03-27,9.244240550807216,9.479264335867564,9.156107682044606,9.283411026000977,1109700,0.0,0.0
2014-03-28,9.3323736924974,9.91013886110817,9.3323736924974,9.861175537109375,3482400,0.0,0.0
2014-03-31,9.910135745460462,10.037439974275056,9.890550982356835,10.008062362670898,1741200,0.0,0.0
2014-04-01,10.057026984950026,10.13536791539249,9.880759424505705,10.125575065612793,973600,0.0,0.0
2014-04-02,10.11578401176109,10.11578401176109,9.988479743716452,10.057028770446777,935000,0.0,0.0
2014-04-03,10.01785861083184,10.09620049882804,9.782835748536758,9.822006225585938,791700,0.0,0.0
2014-04-04,9.841590953609899,9.890554278532882,9.538019086205596,9.557604789733887,1056400,0.0,0.0
2014-04-07,9.538021423876705,9.655532872154067,9.44988760419419,9.479266166687012,969900,0.0,0.0
2014-04-08,9.479263010608065,9.675115359195491,9.322581131738124,9.626152038574219,885900,0.0,0.0
2014-04-09,9.606567664107825,9.69470052415846,9.440092927516009,9.459677696228027,659500,0.0,0.0
2014-04-10,9.45967705766178,9.557603696304536,9.273617564917712,9.400921821594238,661800,0.0,0.0
2014-04-11,9.302996635437012,9.440093764162443,9.254033308470945,9.302996635437012,970900,0.0,0.0
2014-04-14,9.4107144517671,9.4107144517671,9.048387355557093,9.263825416564941,1144100,0.0,0.0
2014-04-15,9.322582977954081,9.351960602585633,9.077767260262823,9.18548583984375,855300,0.0,0.0
2014-04-16,9.18548658103388,9.254034688671366,9.028804658492241,9.136523246765137,642500,0.0,0.0
2014-04-17,9.126728722206563,9.391130118512306,9.038594923437982,9.273618698120117,900000,0.0,0.0
2014-04-21,9.30299545576702,9.34216592559329,9.195276897219193,9.254032135009766,670400,0.0,0.0
2014-04-22,9.283411559408236,9.498849652301473,9.254033934799384,9.449886322021484,949600,0.0,0.0
2014-04-23,9.400922770547252,9.577189430440322,9.293203270387215,9.489055633544922,1004400,0.0,0.0
2014-04-24,9.449884366709714,9.538018156198023,8.53917072109173,8.72523021697998,4048300,0.0,0.0
2014-04-25,8.666475908005784,8.725231151358273,8.411867363084319,8.460830688476562,1712400,0.0,0.0
2014-04-28,8.480417588740393,8.539173780751332,8.294358026185394,8.421662330627441,1283900,0.0,0.0
2014-04-29,8.451037836618562,8.51958593182905,8.372696889550074,8.460830688476562,1543000,0.0,0.0
2014-04-30,8.451040777682072,8.558759383914172,8.382492658616016,8.52938175201416,809100,0.0,0.0
2014-05-01,8.548962930636318,8.705645747255295,8.441244369739852,8.578341484069824,962800,0.0,0.0
2014-05-02,8.558755910866346,8.793778738492959,8.539171142179644,8.735023498535156,1228200,0.0,0.0
2014-05-05,8.725233196650345,8.754610825213033,8.539173637222685,8.705648422241211,830300,0.0,0.0
2014-05-06,8.695852896110791,8.695852896110791,8.490207691564676,8.578341484069824,1359100,0.0,0.0
2014-05-07,8.548963082658116,8.578341636614045,8.216014542903565,8.27476978302002,1899500,0.0,0.0
2014-05-08,8.274768801008088,8.33352496804933,8.14746455066672,8.18663501739502,1261500,0.0,0.0
2014-05-09,8.176846504211426,8.225808907575988,8.108297458484671,8.176846504211426,818000,0.0,0.0
2014-05-12,8.206221286477986,8.37269601508595,8.206221286477986,8.353110313415527,965600,0.0,0.0
2014-05-13,8.372697924774718,8.39228269701448,8.17684553288774,8.264978408813477,568900,0.0,0.0
2014-05-14,8.294356968019926,8.362905071705901,8.167052679818923,8.264978408813477,932100,0.0,0.0
2014-05-15,8.216013651577338,8.255184118704744,7.990782765171555,8.078916549682617,1140200,0.0,0.0
2014-05-16,8.059330992001913,8.23559856414795,8.029953374610114,8.23559856414795,502200,0.0,0.0
2014-05-19,8.235601761808093,8.284565099070637,8.137676021180987,8.176846504211426,456100,0.0,0.0
2014-05-20,7.89285901144189,7.932029488232511,7.354264255147464,7.442397594451904,5028300,0.0,0.0
2014-05-21,7.403225883316883,7.6382491718239525,7.403225883316883,7.589285850524902,1059300,0.0,0.0
2014-05-22,7.618663662451409,7.677419365725987,7.501151788953432,7.55011510848999,1060200,0.0,0.0
2014-05-23,7.550116549348278,7.863480359948129,7.5207384586300865,7.814517498016357,1019800,0.0,0.0
2014-05-27,7.84389396827335,8.147464863603131,7.84389396827335,8.127880096435547,1391600,0.0,0.0
2014-05-28,8.108295775068198,8.225807199762198,8.010370054772093,8.137674331665039,1113000,0.0,0.0
2014-05-29,8.137674321600295,8.186636714738897,8.029954815340686,8.049540519714355,782400,0.0,0.0
2014-05-30,7.951494767780123,8.000517735948677,7.843644985837581,7.863254547119141,1013000,0.01,0.0
2014-06-02,7.853449515885809,7.951494514059093,7.706381083590568,7.745599269866943,890800,0.0,0.0
2014-06-03,7.725989748658328,7.735794060925371,7.57892132451164,7.657357692718506,1055000,0.0,0.0
2014-06-04,7.598530538724207,7.76520805760227,7.5397032616232975,7.716185092926025,430200,0.0,0.0
2014-06-05,7.735795675174133,7.80442774543559,7.618141098312547,7.784818649291992,593000,0.0,0.0
2014-06-06,7.843644985837581,7.882863173365355,7.77501292390514,7.863254547119141,364300,0.0,0.0
2014-06-09,7.843645511365109,8.06914987099986,7.824036416287405,7.931886672973633,604100,0.0,0.0
2014-06-10,7.892667773196979,8.069149145511366,7.882862992780811,8.049540519714355,364800,0.0,0.0
2014-06-11,7.980909109702464,7.990712955307897,7.804426798309807,7.863254547119141,616700,0.0,0.0
2014-06-12,7.8632535111611785,7.8632535111611785,7.7357937172118145,7.794620990753174,506000,0.0,0.0
2014-06-13,7.78481663570646,7.902471649653662,7.706380271420065,7.882862091064453,444300,0.0,0.0
2014-06-16,7.882862562211727,7.882862562211727,7.775012321113077,7.804426193237305,649100,0.0,0.0
2014-06-17,7.8142306418637695,8.039735440356377,7.765208144158726,7.941690444946289,793400,0.0,0.0
2014-06-18,7.922081232510858,8.029931012705626,7.84364485872642,7.961299419403076,489000,0.0,0.0
2014-06-19,8.029930958882021,8.059345300130524,7.9612993660394995,8.049540519714355,467400,0.0,0.0
2014-06-20,8.05934620645065,8.078954834452764,7.94169163333168,7.980909824371338,1190600,0.0,0.0
2014-06-23,7.9612997140308535,8.010322683219178,7.882863337343682,7.912276744842529,537800,0.0,0.0
2014-06-24,7.91227638371114,8.010322317612784,7.725990231340404,7.735794544219971,791600,0.0,0.0
2014-06-25,7.696576658252875,7.804426909246131,7.608335968819919,7.765208721160889,605100,0.0,0.0
2014-06-26,7.784817512722053,7.843644792564164,7.696576359200054,7.814230918884277,288000,0.0,0.0
2014-06-27,7.794619772043943,8.098561339095326,7.745597285516411,8.088756561279297,837900,0.0,0.0
2014-06-30,8.049541752172091,8.177001111991475,7.951495803069346,8.157391548156738,467200,0.0,0.0
2014-07-01,8.186803957448257,8.578985791023818,8.167194398251857,8.480939865112305,1447200,0.0,0.0
2014-07-02,8.431916570385635,8.471134747851075,8.304457259864177,8.373088836669922,544400,0.0,0.0
2014-07-03,8.402504516347085,8.520159080673414,8.353482482487635,8.471137046813965,172500,0.0,0.0
2014-07-07,8.402499482518346,8.50054536156995,8.333867928203103,8.353477478027344,394900,0.0,0.0
2014-07-08,8.324065881079344,8.392698392920195,8.235824748023326,8.373088836669922,451100,0.0,0.0
2014-07-09,8.363283279116718,8.422111007349898,8.29465170870719,8.343674659729004,498400,0.0,0.0
2014-07-10,8.206412030267018,8.324066572435143,8.118170889882128,8.2554349899292,432100,0.0,0.0
2014-07-11,8.265241325484048,8.490745673350672,8.17700016848046,8.471137046813965,552300,0.0,0.0
2014-07-14,8.510355763518787,8.559377800423098,8.451528010184026,8.539769172668457,1446300,0.0,0.0
2014-07-15,8.52015750282541,8.549571839736272,8.324066598595603,8.412307739257812,774600,0.0,0.0
2014-07-16,8.480940462602602,8.480940462602602,8.216217940047958,8.226022720336914,658700,0.0,0.0
2014-07-17,8.196607460196693,8.275043823640857,8.02012610996493,8.059344291687012,660600,0.0,0.0
2014-07-18,8.039735563451782,8.245631272511286,8.010322157881939,8.23582649230957,745200,0.0,0.0
2014-07-21,8.245633402277111,8.696643122659044,8.177001793208843,8.657424926757812,2367600,0.0,0.0
2014-07-22,8.657421471864032,8.941753512439226,8.647616693042604,8.922144889831543,1874700,0.0,0.0
2014-07-23,8.912342762505958,8.912342762505958,8.382896704091516,8.49074649810791,1834800,0.0,0.0
2014-07-24,8.490743422344192,8.647616133190303,8.3534802678714,8.36328411102295,1506700,0.0,0.0
2014-07-25,7.980909223147402,8.294654727829343,7.520094811869283,7.765208721160889,4365600,0.0,0.0
2014-07-28,7.735794487408565,7.755403580541353,7.608335615804272,7.667162895202637,1463000,0.0,0.0
2014-07-29,7.65735752164302,7.89266708852412,7.647553209595019,7.686771392822266,1609000,0.0,0.0
2014-07-30,7.72598987286833,7.843644427070148,7.647553503400451,7.716185092926025,882100,0.0,0.0
2014-07-31,7.618140278713925,7.676967560815777,7.422049338374417,7.451462745666504,1231900,0.0,0.0
2014-08-01,7.480875726563975,7.647553239694601,7.4220484514915706,7.441657543182373,802900,0.0,0.0
2014-08-04,7.451460691866457,7.618138178973594,7.441656381310624,7.5593109130859375,900600,0.0,0.0
2014-08-05,7.4906788691248956,7.667161134305417,7.441656381310624,7.5593109130859375,887900,0.0,0.0
2014-08-06,7.54950733703273,7.735793942429333,7.529898245281384,7.676966667175293,662600,0.0,0.0
2014-08-07,7.843644371947985,7.941690300611444,7.696575946470433,7.725989818572998,1273300,0.0,0.0
2014-08-08,7.706380902521285,7.804426365908548,7.706380902521285,7.775012493133545,733400,0.0,0.0
2014-08-11,7.79462218387796,7.912276748970094,7.745599682181746,7.755403995513916,437900,0.0,0.0
2014-08-12,7.716185207090407,7.804426357806158,7.578921558490742,7.618139743804932,594800,0.0,0.0
2014-08-13,7.6279444553920905,7.706380825316098,7.5102894329884355,7.5495076179504395,510200,0.0,0.0
2014-08-14,7.578920169398633,7.647552214878157,7.500483813146354,7.529897212982178,557500,0.0,0.0
2014-08-15,7.588725377867881,7.618139248700734,7.431852646806307,7.46126651763916,893400,0.0,0.0
2014-08-18,7.265174920878979,7.57892084121704,7.265174920878979,7.578920841217041,1601100,0.0,0.0
2014-08-19,7.608335056312998,7.608335056312998,7.392634580196557,7.441657543182373,1072600,0.0,0.0
2014-08-20,7.451475618208429,7.451475618208429,7.245308275307722,7.255125522613525,1585700,0.01,0.0
2014-08-21,7.25512457652448,7.3925697659579965,7.186402449942099,7.333664417266846,902200,0.0,0.0
2014-08-22,7.33366455829301,7.579101799399842,7.274759676603496,7.55946683883667,676700,0.0,0.0
2014-08-25,7.598736634317056,7.638007022928445,7.451474666595459,7.451474666595459,418800,0.0,0.0
2014-08-26,7.441657430938041,7.55946719994472,7.431840184254688,7.530014991760254,477300,0.0,0.0
2014-08-27,7.520197515091168,7.549650192342746,7.4711103438511035,7.510380268096924,387500,0.0,0.0
2014-08-28,7.46129346566907,7.471111181899008,7.363118644042071,7.402388572692871,376500,0.0,0.0
2014-08-29,7.441657191723838,7.471109867095947,7.363117348244071,7.471109867095947,453200,0.0,0.0
2014-09-02,7.480926754245251,7.549649348057329,7.4220218744639155,7.500561714172363,441200,0.0,0.0
2014-09-03,7.539832111528121,7.549649826180623,7.392570136815787,7.461292266845703,614900,0.0,0.0
2014-09-04,7.461292504979646,7.50056242857419,7.422022581385102,7.441657543182373,302800,0.0,0.0
2014-09-05,7.441657305675099,7.510379903839414,7.372935175645183,7.461292266845703,254100,0.0,0.0
2014-09-08,7.461291916319834,7.520196797064341,7.392569789518433,7.490744590759277,380200,0.0,0.0
2014-09-09,7.500561455938168,7.510379169630899,7.36311674118042,7.36311674118042,483100,0.0,0.0
2014-09-10,7.372935060341516,7.461292150160239,7.333664670480047,7.431839942932129,438200,0.0,0.0
2014-09-11,7.422021992170513,7.490744587072469,7.363117111454998,7.451474666595459,555800,0.0,0.0
2014-09-12,7.431840057331978,7.4711099796635425,7.3532997445344455,7.422022342681885,368900,0.0,0.0
2014-09-15,7.3925694141242575,7.441656578184848,7.3336640682365815,7.36311674118042,502800,0.0,0.0
2014-09-16,7.333664672871961,7.490744827965889,7.323847426504187,7.471109867095947,433200,0.0,0.0
2014-09-17,7.490745068758028,7.579102161445833,7.461292392439154,7.530014991760254,676000,0.0,0.0
2014-09-18,7.588919388264993,7.588919388264993,7.451474666595459,7.451474666595459,349800,0.0,0.0
2014-09-19,7.461292870288668,7.500562795805889,7.333665378290479,7.372935771942139,623000,0.0,0.0
2014-09-22,7.363117693100631,7.363117693100631,7.196220283822177,7.245307922363281,466600,0.0,0.0
2014-09-23,7.245308885306595,7.402388600499862,7.166769027709962,7.166769027709961,474300,0.0,0.0
2014-09-24,7.176586505736663,7.255126365849237,7.166769257289837,7.225674152374268,345700,0.0,0.0
2014-09-25,7.245308275307722,7.284578200799815,7.107863067950959,7.255125522613525,365100,0.0,0.0
2014-09-26,7.215854881911961,7.323847400378607,7.186402674779306,7.1962199211120605,413300,0.0,0.0
2014-09-29,7.147132753179506,7.225672596379107,7.1176800779124605,7.1962199211120605,666000,0.0,0.0
2014-09-30,7.176584107560808,7.255123941427981,7.107861518859864,7.107861518859863,658900,0.0,0.0
2014-10-01,7.107861860810365,7.127497288356131,6.921329980469178,6.960599899291992,643100,0.0,0.0
2014-10-02,6.9507831377705225,7.068592910378804,6.9507831377705225,7.039140701293945,502800,0.0,0.0
2014-10-03,7.117679695617156,7.1471323693022795,6.9900522232055655,6.990052223205566,669700,0.0,0.0
2014-10-06,6.990053062091269,7.068592910498116,6.911513213684422,6.92133092880249,377900,0.0,0.0
2014-10-07,6.862426161865448,6.950783732954785,6.862426161865448,6.911513805389404,488200,0.0,0.0
2014-10-08,6.891877541365717,6.940965175628662,6.862424867181074,6.940965175628662,1038600,0.0,0.0
2014-10-09,6.931147436253826,6.960600110331094,6.764250042129508,6.7838850021362305,741400,0.0,0.0
2014-10-10,6.744616623601212,6.940966736678508,6.744616623601212,6.8133392333984375,671000,0.0,0.0
2014-10-13,6.813338156508982,6.940965639616754,6.793703195118125,6.823155403137207,386400,0.0,0.0
2014-10-14,6.901696083515241,6.970418217967175,6.754433631192706,6.793703556060791,565900,0.0,0.0
2014-10-15,6.685711260187489,6.911513570067585,6.666076297073326,6.852608680725098,798100,0.0,0.0
2014-10-16,6.744614996806169,7.058774821074088,6.724980037047821,7.029322147369385,730700,0.0,0.0
2014-10-17,7.078409780832436,7.11767970034913,6.960600022282353,7.029322147369385,640600,0.0,0.0
2014-10-20,7.019505853223864,7.088227987627869,7.019505853223864,7.0685930252075195,268200,0.0,0.0
2014-10-21,7.088226783204896,7.0980444968140715,6.9802347423100715,7.0096869468688965,460900,0.0,0.0
2014-10-22,6.990052104341923,7.088226901398958,6.960599899291991,6.960599899291992,615800,0.0,0.0
2014-10-23,6.990052824574458,7.117680307966108,6.940965655055336,7.019505500793457,1235400,0.0,0.0
2014-10-24,7.0293214902433725,7.991435832863604,6.980234329503531,7.804903030395508,3520700,0.0,0.0
2014-10-27,7.745999930812366,7.7656348932324635,7.569285269031483,7.579102516174316,585800,0.0,0.0
2014-10-28,7.628189926866048,7.814722298314041,7.598737250054506,7.71654748916626,858900,0.0,0.0
2014-10-29,7.716546763415294,7.745998969322403,7.588919289459495,7.618371963500977,504000,0.0,0.0
2014-10-30,7.579101213777376,7.755816313325869,7.539831295685344,7.608553886413574,678300,0.0,0.0
2014-10-31,7.706729057763567,7.716546771832895,7.608554257742156,7.696911811828613,622600,0.0,0.0
2014-11-03,7.716546395233837,7.745998599735685,7.588918927367558,7.608553886413574,401700,0.0,0.0
2014-11-04,7.608554257742156,7.72636401776785,7.539831663659982,7.696911811828613,801600,0.0,0.0
2014-11-05,7.72636401776785,7.814721571854307,7.647824177750721,7.696911811828613,459000,0.0,0.0
2014-11-06,7.726364261490247,7.824539064608509,7.696912054621962,7.75581693649292,485300,0.0,0.0
2014-11-07,7.755817412825372,7.755817412825372,7.628189926866048,7.71654748916626,645200,0.0,0.0
2014-11-10,7.726365562557389,7.834358098239876,7.726365562557389,7.7656354904174805,374300,0.0,0.0
2014-11-11,7.775452374654928,7.795087336484484,7.687094812354717,7.71654748916626,204000,0.0,0.0
2014-11-12,7.706728612480241,7.912896382814696,7.696911367112512,7.893260955810547,454000,0.0,0.0
2014-11-13,7.8736259806055395,7.981618013677463,7.8049029265882846,7.85399055480957,624700,0.0,0.0
2014-11-14,7.844173305125893,7.873626445559113,7.716546306855686,7.775451183319092,328700,0.0,0.0
2014-11-17,7.755817401247363,7.804904571680767,7.500562429709764,7.52019739151001,338600,0.0,0.0
2014-11-18,7.500561833124532,7.569284428026489,7.392569785879945,7.451474666595459,924800,0.0,0.0
2014-11-19,7.471109864659205,7.500562071887314,7.363117345842551,7.431839942932129,445200,0.0,0.0
2014-11-20,7.412178308915413,7.500652736261046,7.372856445373706,7.441669940948486,326600,0.01,0.0
2014-11-21,7.520314528501546,7.539975462521991,7.264721917482123,7.323704719543457,720600,0.0,0.0
2014-11-24,7.3237045256841755,7.441670595437911,7.3237045256841755,7.372857093811035,486100,0.0,0.0
2014-11-25,7.382687794937858,7.471161761311122,7.3531961603110165,7.372857093811035,447400,0.0,0.0
2014-11-26,7.392519373005195,7.4121803100841825,7.22540117345694,7.235231876373291,479900,0.0,0.0
2014-11-28,7.235230719666799,7.38268795856187,7.235230719666799,7.2843828201293945,206100,0.0,0.0
2014-12-01,7.284382624539327,7.323704491355045,7.028790490237161,7.0484514236450195,621200,0.0,0.0
2014-12-02,7.048452390920392,7.146757071450264,7.028791454814418,7.068113327026367,344800,0.0,0.0
2014-12-03,7.048452457806249,7.176248778084645,6.959978010112945,7.166418075561523,479500,0.0,0.0
2014-12-04,7.146755904502781,7.205738703189785,7.028790307128772,7.117264270782471,358500,0.0,0.0
2014-12-05,7.127095111291536,7.304043510820573,7.117264410274221,7.274552345275879,345000,0.0,0.0
2014-12-08,7.235232318934148,7.304045368542869,7.156588565807757,7.1762495040893555,441600,0.0,0.0
2014-12-09,7.117264489557177,7.382687794937858,7.04845145668393,7.372857093811035,575000,0.0,0.0
2014-12-10,7.363027733009855,7.372858435926207,7.136927190978351,7.235231876373291,472300,0.0,0.0
2014-12-11,7.245061038564245,7.363026643584105,7.087773565204432,7.097603797912598,312600,0.0,0.0
2014-12-12,7.009129605050505,7.136925907457611,7.009129605050505,7.107434272766113,437200,0.0,0.0
2014-12-15,7.156586378421237,7.294212904327338,7.087772881091387,7.127094745635986,501800,0.0,0.0
2014-12-16,7.028790570387838,7.3237045748686835,6.979638001930881,7.146756172180176,909700,0.0,0.0
2014-12-17,7.146757425140988,7.264723047614916,6.969808991430097,7.235231876373291,608600,0.0,0.0
2014-12-18,7.294214289758484,7.441671544184921,7.215570545732035,7.35319709777832,528200,0.0,0.0
2014-12-19,7.34336555764674,7.34336555764674,7.0779427174608,7.2057390213012695,1290500,0.0,0.0
2014-12-22,7.186077542452887,7.215569175238137,7.009129152002187,7.127094745635986,451700,0.0,0.0
2014-12-23,7.176248003346149,7.225400104394268,7.028790762694502,7.097603797912598,752100,0.0,0.0
2014-12-24,7.0779426380746155,7.1860780069386,7.0779426380746155,7.107434272766113,299000,0.0,0.0
2014-12-26,7.1369257635678585,7.441670461719007,7.0386206290805795,7.215569496154785,1916600,0.0,0.0
2014-12-29,7.245060093718914,7.667770826377179,7.136925204262991,7.628448963165283,1793300,0.0,0.0
2014-12-30,7.598957331379568,7.756244784227154,7.559635468167672,7.628448963165283,327900,0.0,0.0
2014-12-31,7.628449380845124,7.746414976939774,7.549805181361747,7.5694661140441895,370200,0.0,0.0
2015-01-02,7.618619112020596,7.628449813295917,7.431840006572235,7.510483741760254,386200,0.0,0.0
2015-01-05,7.490823072552472,7.638280315615277,7.392518400095154,7.539975643157959,478200,0.0,0.0
2015-01-06,7.5891268028899885,7.638279367393639,7.461330978936969,7.559635639190674,775700,0.0,0.0
2015-01-07,7.57929569000902,7.88404080449368,7.539973830479426,7.864379405975342,934900,0.0,0.0
2015-01-08,7.952856768725263,8.060991688090283,7.864382317650506,7.943026065826416,956700,0.0,0.0
2015-01-09,7.92336397836765,8.100311906849777,7.874211411425357,7.9921770095825195,571300,0.0,0.0
2015-01-12,8.011837473855095,8.041329576524813,7.864380710535451,7.9921770095825195,406800,0.0,0.0
2015-01-13,8.031500516901174,8.100313562178238,7.805399506518572,7.943026065826416,497600,0.0,0.0
2015-01-14,7.884041725171437,7.903702188478591,7.756244963646177,7.825058460235596,309400,0.0,0.0
2015-01-15,7.81522813599266,7.8742114037674975,7.5989578729148555,7.707093238830566,626700,0.0,0.0
2015-01-16,7.657941251536343,7.854550596487684,7.628450084170469,7.844720363616943,539400,0.0,0.0
2015-01-20,8.021668029840766,8.080651296607487,7.834888935089111,7.834888935089111,909500,0.0,0.0
2015-01-21,7.79556794486268,7.825059581556714,7.638280465837592,7.7365851402282715,478300,0.0,0.0
2015-01-22,7.756244786098209,7.913532707737324,7.62844896500551,7.893871307373047,1294500,0.0,0.0
2015-01-23,7.874210506814878,7.982345391659309,7.775905384223846,7.785736083984375,685000,0.0,0.0
2015-01-26,7.8152268471865804,7.923362664023274,7.785735686916156,7.864379405975342,832100,0.0,0.0
2015-01-27,7.834890324955831,7.874212666027082,7.726755410459391,7.775907516479492,630700,0.0,0.0
2015-01-28,7.785736919857446,7.864380651370573,7.598957823136961,7.648110389709473,533700,0.0,0.0
2015-01-29,7.677600860595702,7.736583653898509,7.559635273990089,7.677600860595703,606000,0.0,0.0
2015-01-30,7.589125620324642,8.16912419732799,7.520312603246542,8.021666526794434,2464400,0.0,0.0
2015-02-02,8.060990800094347,8.060990800094347,7.559636726325048,7.7365851402282715,1328800,0.0,0.0
2015-02-03,7.736584559385241,7.893872026601587,7.716923625983197,7.884042263031006,830500,0.0,0.0
2015-02-04,7.884042112315263,8.080651442577201,7.854550009645544,7.9921770095825195,2062800,0.0,0.0
2015-02-05,8.051158312919538,8.444377860792438,8.002006689754154,8.40505599975586,2385900,0.0,0.0
2015-02-06,8.434550332524488,8.51319408416748,8.33624517421701,8.51319408416748,694300,0.0,0.0
2015-02-09,8.464037318847952,8.552511730065278,8.336241051257034,8.36573314666748,538600,0.0,0.0
2015-02-10,8.40505672779624,8.464039055706557,8.27726043398095,8.414887428283691,407400,0.0,0.0
2015-02-11,8.375563845137629,8.424715462474362,8.316580591823742,8.36573314666748,375500,0.0,0.0
2015-02-12,8.424719629192245,8.63115971163197,8.32641540839224,8.51319408416748,728300,0.0,0.0
2015-02-13,8.523023073173317,8.562344941085586,8.405057469436505,8.46403980255127,380500,0.0,0.0
2015-02-17,8.464039674158169,8.503361541473955,8.287091739990759,8.30675220489502,478900,0.0,0.0
2015-02-18,8.267433919688354,8.395230278213015,8.257603214223147,8.355908393859863,383100,0.0,0.0
2015-02-19,8.355903879618925,8.640987621540932,8.306751316355028,8.631156921386719,756600,0.0,0.0
2015-02-20,8.640987621540932,8.7196313477603,8.513191332057664,8.631156921386719,690600,0.0,0.0
2015-02-23,8.591839135732526,8.709804781044898,8.562347958781334,8.69997501373291,569600,0.0,0.0
2015-02-24,8.739294189591236,8.739294189591236,8.532854139836882,8.61149787902832,422700,0.0,0.0
2015-02-25,8.64098860815238,8.739293745904467,8.572175574230284,8.670479774475098,400000,0.0,0.0
2015-02-26,8.660648004262294,8.817935438220468,8.562342889284905,8.798274040222168,512600,0.0,0.0
2015-02-27,8.7687848138349,8.876919714143023,8.660649913526777,8.837597846984863,614900,0.0,0.0
2015-03-02,8.837599097910545,8.91624284335856,8.699973012130213,8.906413078308105,485600,0.0,0.0
2015-03-03,8.867089723668162,8.93590275505792,8.729462723381403,8.847428321838379,561800,0.0,0.0
2015-03-04,8.788445792884755,8.808107196367883,8.562345277872693,8.572175979614258,679300,0.0,0.0
2015-03-05,8.552514171676957,8.690141177028424,8.444379270155482,8.670479774475098,769000,0.0,0.0
2015-03-06,8.621272380385513,8.709847244479494,8.453964512334977,8.503172874450684,468000,0.01,0.0
2015-03-09,8.522855919076957,8.611430785903398,8.4539647731326,8.552380561828613,429800,0.0,0.0
2015-03-10,8.513013455516768,8.542539034748106,8.3653893136457,8.444122314453125,414400,0.0,0.0
2015-03-11,8.463802992734546,8.522852252836886,8.306336109129155,8.414594650268555,441300,0.0,0.0
2015-03-12,8.444123127844389,8.601589144627356,8.444123127844389,8.591747283935547,285700,0.0,0.0
2015-03-13,8.552380400862962,8.601588763570547,8.404756251311662,8.522855758666992,430000,0.0,0.0
2015-03-16,8.513014576878255,8.513014576878255,8.394915060110675,8.473648071289062,548900,0.0,0.0
2015-03-17,8.444123209969657,8.483489714548268,8.296499052442746,8.434281349182129,597500,0.0,0.0
2015-03-18,8.394915117411228,8.493331851341733,8.326023966802795,8.483489990234375,285700,0.0,0.0
2015-03-19,8.473646955113058,8.513013455516768,8.404755814049413,8.444122314453125,270400,0.0,0.0
2015-03-20,8.483488814856836,8.532697175004326,8.394913954305633,8.444122314453125,430100,0.0,0.0
2015-03-23,8.65079725314336,9.418444531496391,8.601588889714128,9.398761749267578,2500800,0.0,0.0
2015-03-24,9.42828576126238,9.625118263242214,9.320028119816323,9.457810401916504,1451400,0.0,0.0
2015-03-25,9.45780899309228,9.45780899309228,9.290501156688551,9.37907600402832,811000,0.0,0.0
2015-03-26,9.32986978687147,9.388920011471946,9.20192935428482,9.251136779785156,607400,0.0,0.0
2015-03-27,9.251134436739866,9.339709281921388,9.201927023702346,9.339709281921387,484900,0.0,0.0
2015-03-30,9.379075463904828,9.497174940699637,9.300342479374955,9.447967529296875,512800,0.0,0.0
2015-03-31,9.388917862304131,9.428284356836112,9.32986765122053,9.37907600402832,287900,0.0,0.0
2015-04-01,9.359395405598166,9.438128412996914,9.290503320195649,9.4282865524292,452800,0.0,0.0
2015-04-02,9.48733626147488,9.575910186054445,9.398761398323884,9.50701904296875,563700,0.0,0.0
2015-04-06,9.497176798362126,9.575909798292296,9.369236377404146,9.438127517700195,524100,0.0,0.0
2015-04-07,9.359395450197352,9.398761954084314,9.064146201759389,9.093670845031738,876900,0.0,0.0
2015-04-08,9.103513221776506,9.388920625781234,9.103513221776506,9.359395980834961,656600,0.0,0.0
2015-04-09,9.349553507928787,9.379078150943286,9.09367076561253,9.251136779785156,632600,0.0,0.0
2015-04-10,9.280662097252877,9.300344879178565,9.133037009238691,9.201929092407227,367700,0.0,0.0
2015-04-13,9.211769766233797,9.339711130308473,9.17240326487016,9.329869270324707,521200,0.0,0.0
2015-04-14,9.32987012297762,9.359395705627248,9.17240410313232,9.310187339782715,516000,0.0,0.0
2015-04-15,9.320029125077934,9.320029125077934,9.093671019457508,9.123196601867676,823400,0.0,0.0
2015-04-16,9.21176953249942,9.644801975083322,9.172403032134648,9.625118255615234,1151500,0.0,0.0
2015-04-17,9.536542667711046,9.575909165072972,9.40860225521329,9.497176170349121,698500,0.0,0.0
2015-04-20,9.664484690079634,9.871159050228266,9.59559354955389,9.782584190368652,2224200,0.0,0.0
2015-04-21,9.851476947215122,10.038467600894231,9.831793226527079,9.90068531036377,1598200,0.0,0.0
2015-04-22,9.930209625755328,9.930209625755328,9.664485036647617,9.67432689666748,942700,0.0,0.0
2015-04-23,9.69400889022857,9.8711576461792,9.58575032643352,9.8711576461792,803300,0.0,0.0
2015-04-24,9.625118869825034,9.841635104933582,9.310186846810026,9.733377456665039,1375900,0.0,0.0
2015-04-27,9.694010953788164,9.91052625032525,9.595594227310242,9.733377456665039,1111200,0.0,0.0
2015-04-28,9.733375726774954,9.94989098483129,9.694009230894594,9.930208206176758,940500,0.0,0.0
2015-04-29,9.87115999141672,9.87115999141672,9.575910743257257,9.605436325073242,537600,0.0,0.0
2015-04-30,9.516861973394095,9.605436846507397,9.457811745128048,9.526703834533691,631700,0.0,0.0
2015-05-01,9.585751942299078,9.694010524343225,9.388919436634385,9.487336158752441,365300,0.0,0.0
2015-05-04,9.497177080107111,9.595593802225169,9.447969657619504,9.487336158752441,712100,0.0,0.0
2015-05-05,9.487334629225165,9.536542043779662,9.241293802167606,9.388917922973633,864400,0.0,0.0
2015-05-06,9.438128993072711,9.438128993072711,9.30034575237088,9.359395980834961,399400,0.0,0.0
2015-05-07,9.418442269066908,9.42828412710291,9.241293517275107,9.339709281921387,544400,0.0,0.0
2015-05-08,9.408603211623406,9.49717713576302,9.29050276896107,9.329869270324707,405300,0.0,0.0
2015-05-11,9.349553385838346,9.5857524040129,9.349553385838346,9.398761749267578,490500,0.0,0.0
2015-05-12,9.329869684056458,9.398761768426404,9.162562749770371,9.231453895568848,552200,0.0,0.0
2015-05-13,9.231453734581482,9.300344879178565,9.172403511661518,9.201929092407227,371100,0.0,0.0
2015-05-14,9.211768727950236,9.497176065310418,9.113352954919568,9.477493286132812,1118300,0.0,0.0
2015-05-15,9.467651648075078,9.467651648075078,9.320027515800335,9.349552154541016,563900,0.0,0.0
2015-05-18,9.300343960908696,9.546384811401367,9.270819321649556,9.546384811401367,609200,0.0,0.0
2015-05-19,9.467652438900263,9.56606916101832,9.310186434368507,9.487336158752441,513500,0.0,0.0
2015-05-20,9.5267002969319,9.59559142218429,9.447967314194544,9.575907707214355,484300,0.0,0.0
2015-05-21,9.556205105544011,9.753240078326359,9.428132138351272,9.585760116577148,801400,0.01,0.0
2015-05-22,9.566059083644438,9.694132077541118,9.556207098066912,9.654725074768066,371900,0.0,0.0
2015-05-26,9.595614819851887,9.605466806167637,9.398579791222542,9.44783878326416,348600,0.0,0.0
2015-05-27,9.447837524321956,9.506947555265672,9.319764537894565,9.418282508850098,329200,0.0,0.0
2015-05-28,9.418282733838058,9.447837750015939,9.290209744351206,9.378875732421875,1329700,0.0,0.0
2015-05-29,9.38872721811703,9.408431189517042,9.240951190765214,9.300061225891113,399100,0.0,0.0
2015-06-01,9.2902106367905,9.34932067482451,9.112878643614238,9.221247673034668,726300,0.0,0.0
2015-06-02,9.181839309490202,9.398578275804251,9.181839309490202,9.211395263671875,367200,0.0,0.0
2015-06-03,9.240951190765214,9.437986207079991,9.191692201802253,9.300061225891113,691000,0.0,0.0
2015-06-04,9.221244071978484,9.319762016278352,9.201541046840559,9.270503044128418,423000,0.0,0.0
2015-06-05,9.26065399770764,9.378875944162228,9.221246995401792,9.339468002319336,523500,0.0,0.0
2015-06-08,9.359170913696289,9.45768887807629,9.329615900197066,9.359170913696289,531700,0.0,0.0
2015-06-09,9.37887640168461,9.388727448088842,9.201544412889124,9.26065444946289,449400,0.0,0.0
2015-06-10,9.329617123913529,9.595614159369848,9.280358135262489,9.47739315032959,944200,0.0,0.0
2015-06-11,9.487243941151135,9.625168904096475,9.45768892749747,9.605464935302734,414200,0.0,0.0
2015-06-12,9.56605593749127,9.575907919828607,9.14243009235329,9.270503044128418,1034200,0.0,0.0
2015-06-15,9.231098599358063,9.359171586443306,9.152284598003606,9.240950584411621,671000,0.0,0.0
2015-06-16,9.250803753694326,9.339468811915673,9.093174791269746,9.201544761657715,447900,0.0,0.0
2015-06-17,9.24094739525102,9.309909387752317,8.99465349113304,9.03406047821045,816200,0.0,0.0
2015-06-18,9.034063969333276,9.378875944162228,9.024211983872553,9.339468002319336,771800,0.0,0.0
2015-06-19,9.349320214854075,9.447838192779997,9.28035819402817,9.300061225891113,641900,0.0,0.0
2015-06-22,9.309911670815302,9.339466683486943,9.05376572222931,9.063617706298828,744500,0.0,0.0
2015-06-23,9.043915750615804,9.428133779539335,9.034063765377502,9.378875732421875,586800,0.0,0.0
2015-06-24,9.349320799180923,9.457690769579909,9.270506787729184,9.44783878326416,582500,0.0,0.0
2015-06-25,9.50694692072935,9.50694692072935,9.201542922317842,9.359170913696289,1021800,0.0,0.0
2015-06-26,9.359172784545168,9.388727803952282,9.142433783306357,9.201544761657715,1064700,0.0,0.0
2015-06-29,9.13258187079385,9.240950891371709,8.915842890101091,8.935545921325684,404000,0.0,0.0
2015-06-30,8.965102134682637,9.014360183925884,8.70895614465466,8.807473182678223,794500,0.0,0.0
2015-07-01,8.866585039673167,9.004510034079237,8.827178032633883,8.984806060791016,662700,0.0,0.0
2015-07-02,9.02421370595266,9.02421370595266,8.758216624512537,8.797623634338379,297600,0.0,0.0
2015-07-06,8.738511281845993,8.915843268070155,8.689252292390718,8.78777027130127,293600,0.0,0.0
2015-07-07,8.807473835255994,8.817325821649439,8.571031799036119,8.777918815612793,457500,0.0,0.0
2015-07-08,8.71880884981789,8.827177882447833,8.55132883786616,8.600586891174316,446800,0.0,0.0
2015-07-09,8.718809236583391,8.817326287107052,8.699105262756348,8.699105262756348,540500,0.0,0.0
2015-07-10,8.787770499553403,8.837029490288124,8.728659522764318,8.748363494873047,380400,0.0,0.0
2015-07-13,8.817324732510487,8.886287689208983,8.807472747333984,8.886287689208984,250500,0.0,0.0
2015-07-14,8.88628757003419,8.96510157131519,8.846879629856685,8.905990600585938,322400,0.0,0.0
2015-07-15,8.9256951315658,8.9256951315658,8.758215133434973,8.807473182678223,348000,0.0,0.0
2015-07-16,8.866582974130148,8.91584195633826,8.797620962760957,8.846879005432129,273400,0.0,0.0
2015-07-17,8.84688120935576,8.886289156569058,8.433108098525047,8.472515106201172,1328500,0.0,0.0
2015-07-20,8.482366153467321,8.56118016881957,8.383849104045598,8.472515106201172,681400,0.0,0.0
2015-07-21,8.472514876023862,8.531624916163587,8.324737896600253,8.511921882629395,966100,0.0,0.0
2015-07-22,8.511921262848395,8.511921262848395,8.413403283739406,8.452810287475586,419000,0.0,0.0
2015-07-23,8.50206843726687,8.50206843726687,8.295181453202225,8.433106422424316,561100,0.0,0.0
2015-07-24,8.403548141477238,8.531621090398804,8.34443812784373,8.42325210571289,738300,0.0,0.0
2015-07-27,8.383847913590342,8.383847913590342,8.206515934459258,8.265626907348633,479800,0.0,0.0
2015-07-28,8.305036175063673,8.364146224541377,8.147408123740071,8.206518173217773,825400,0.0,0.0
2015-07-29,8.236070505691863,8.37399547528278,8.157256505793338,8.344440460205078,910100,0.0,0.0
2015-07-30,9.171987804974075,9.319763810334026,8.482363941195823,8.866582870483398,2673100,0.0,0.0
2015-07-31,8.89613889259052,9.034063868896114,8.787769872338504,9.024211883544922,1230600,0.0,0.0
2015-08-03,9.024213106888052,9.024213106888052,8.817326084152096,8.896140098571777,610900,0.0,0.0
2015-08-04,8.90599027350707,9.024211271086818,8.866583274313822,8.96510124206543,491100,0.0,0.0
2015-08-05,9.043915016712,9.112877028709875,8.984804049616004,9.004508018493652,405200,0.0,0.0
2015-08-06,9.034061749105348,9.053764775647496,8.85672981254194,8.974950790405273,342000,0.0,0.0
2015-08-07,8.896138068740484,9.093173059832226,8.896138068740484,9.004508018493652,404100,0.0,0.0
2015-08-10,9.034066260781449,9.132584261303217,8.984807260520565,9.103028297424316,398700,0.0,0.0
2015-08-11,9.004508018493652,9.093173059832226,8.945397051397656,9.004508018493652,478800,0.0,0.0
2015-08-12,9.014361355090262,9.034065328977194,8.758216271320455,8.856733322143555,461600,0.0,0.0
2015-08-13,8.827176295854683,8.915842279132004,8.797621281274568,8.876435279846191,426100,0.0,0.0
2015-08-14,8.846879104595288,8.945397070115781,8.797621061371991,8.915842056274414,408000,0.0,0.0
2015-08-17,8.876433678921062,8.994654655456543,8.856729713063414,8.994654655456543,470800,0.0,0.0
2015-08-18,9.014359925298136,9.034063896059767,8.876435888114866,8.935545921325684,419700,0.0,0.0
2015-08-19,8.896094927811122,8.91581970362695,8.639666258187873,8.807331085205078,453900,0.01,0.0
2015-08-20,8.688979402186417,8.748154668802153,8.511451721191406,8.511451721191406,519600,0.0,0.0
2015-08-21,8.36351216173794,8.688979909419809,8.304336891667752,8.639666557312012,786800,0.0,0.0
2015-08-24,8.205710383163424,8.363512361212878,8.038045546342385,8.19584846496582,888000,0.0,0.0
2015-08-25,8.383237994661034,8.383237994661034,8.156397888633949,8.176122665405273,873100,0.0,0.0
2015-08-26,8.333925434937449,8.412826430678999,8.166260583843133,8.383238792419434,697100,0.0,0.0
2015-08-27,8.42268997595784,8.590354840701282,8.294475612296731,8.570629119873047,475100,0.0,0.0
2015-08-28,8.590353612111539,8.79746894831574,8.56076597567494,8.74815559387207,545700,0.0,0.0
2015-08-31,8.718567889059656,8.866507010656434,8.649529757724359,8.72843074798584,437700,0.0,0.0
2015-09-01,8.590354548618961,8.639667908438698,8.472003049396061,8.491727828979492,343000,0.0,0.0
2015-09-02,8.590353612111539,8.836919443755871,8.511452621231271,8.74815559387207,879700,0.0,0.0
2015-09-03,8.767880896562698,8.827056166632884,8.639666557312012,8.639666557312012,256500,0.0,0.0
2015-09-04,8.541039354499274,8.78760516007061,8.491726005270225,8.511451721191406,472000,0.0,0.0
2015-09-08,8.66925500058252,8.66925500058252,8.501590152128982,8.60021686553955,437300,0.0,0.0
2015-09-09,8.649529014305267,8.649529014305267,8.274748872488244,8.294473648071289,638000,0.0,0.0
2015-09-10,8.294475699370226,8.462140565873774,8.28461283885257,8.3339262008667,392400,0.0,0.0
2015-09-11,8.324062495367063,8.422689209383647,8.264887219416355,8.363512992858887,415800,0.0,0.0
2015-09-14,8.373375825147676,8.383238684632074,8.25502433305705,8.35365104675293,301400,0.0,0.0
2015-09-15,8.36351062234629,8.501587794718777,8.353648706199087,8.481863021850586,266800,0.0,0.0
2015-09-16,8.462138865953532,8.679117050883457,8.44241408945479,8.639666557312012,249200,0.0,0.0
2015-09-17,8.619941643877237,8.748155995081357,8.550903508834265,8.60021686553955,223200,0.0,0.0
2015-09-18,8.491727828979492,8.570628828461425,8.422689689576327,8.491727828979492,349400,0.0,0.0
2015-09-21,8.541040501522517,8.649530072510863,8.501590004956034,8.560766220092773,271300,0.0,0.0
2015-09-22,8.481864087883539,8.580489845767731,8.442413596615081,8.511451721191406,265800,0.0,0.0
2015-09-23,8.541038281028948,8.550901137749937,8.462137308408607,8.481863021850586,394000,0.0,0.0
2015-09-24,8.442415696786075,8.610079620955378,8.432552836371958,8.570629119873047,332800,0.0,0.0
2015-09-25,8.669254699042073,8.669254699042073,8.472002219655964,8.521315574645996,385000,0.0,0.0
2015-09-28,8.511452731568651,8.511452731568651,8.23529925990783,8.274749755859375,348900,0.0,0.0
2015-09-29,8.294472701007361,8.294472701007361,7.860516871129457,7.939418315887451,701200,0.0,0.0
2015-09-30,8.018320916330888,8.28461152402635,7.949282784812435,8.235299110412598,507700,0.0,0.0
2015-10-01,8.235300024353556,8.324062943053482,8.018321806191937,8.22543716430664,510600,0.0,0.0
2015-10-02,8.146535104870127,8.452276201941801,8.067634115911373,8.442414283752441,398600,0.0,0.0
2015-10-05,8.610077602112668,8.974995827277924,8.600215684585056,8.787605285644531,632400,0.0,0.0
2015-10-06,8.758019745625353,8.827057887692636,8.550904378849363,8.58049201965332,501100,0.0,0.0
2015-10-07,8.649531102294745,8.718569244362028,8.462140515863346,8.58049201965332,711300,0.0,0.0
2015-10-08,8.600217740572054,8.629805381376013,8.550904378849363,8.58049201965332,470400,0.0,0.0
2015-10-09,8.6002177011154,8.639668202197731,8.541041479204834,8.570629119873047,431500,0.0,0.0
2015-10-12,8.57062740611557,8.659391250945392,8.47200164341773,8.619940757751465,357700,0.0,0.0
2015-10-13,8.560765760438715,8.797468727128289,8.560765760438715,8.688980102539062,366000,0.0,0.0
2015-10-14,8.728431514822455,8.846783010612452,8.639667657836439,8.679118156433105,373700,0.0,0.0
2015-10-15,8.688980801434305,8.896096149090429,8.659392222787675,8.876370429992676,302400,0.0,0.0
2015-10-16,8.915820313220072,9.034171797928755,8.807331687380609,8.965133666992188,583900,0.0,0.0
2015-10-19,8.915818729730644,9.073620681315887,8.866505384716799,9.04403305053711,584000,0.0,0.0
2015-10-20,9.03417059481366,9.03417059481366,8.787604799363182,8.905956268310547,576600,0.0,0.0
2015-10-21,8.97499885344429,9.024311279431137,8.797471110054092,8.817195892333984,633400,0.0,0.0
2015-10-22,9.320188542165571,9.576617240905762,9.073622702740163,9.576617240905762,2395300,0.0,0.0
2015-10-23,9.576616175644059,9.616066667940858,9.408951348239174,9.547028541564941,920000,0.0,0.0
2015-10-26,9.55689272186664,9.66538230679892,9.477991718592703,9.64565658569336,580900,0.0,0.0
2015-10-27,9.6456555645761,9.754145138023354,9.537166931702895,9.625930786132812,907600,0.0,0.0
2015-10-28,9.665382153752036,9.862634658813478,9.61606879234314,9.862634658813477,1142100,0.0,0.0
2015-10-29,9.813320308322803,9.931671799431054,9.744282173653167,9.852770805358887,801100,0.0,0.0
2015-10-30,9.83304492282756,9.911945908038751,9.714693445010772,9.813319206237793,605100,0.0,0.0
2015-11-02,9.85277090097963,10.128925323486326,9.82318326305893,10.128925323486328,1020600,0.0,0.0
2015-11-03,10.109196297528369,10.138783925770243,9.99084484398713,10.020432472229004,570300,0.0,0.0
2015-11-04,10.030299709272235,10.109200712760039,9.842909120558083,9.911948204040527,733200,0.0,0.0
2015-11-05,9.931672879601827,9.990849101878991,9.872497597898805,9.882360458374023,675200,0.0,0.0
2015-11-06,9.852769662935046,10.128924050741709,9.793594394529284,10.05002212524414,702400,0.0,0.0
2015-11-09,10.010573655276264,10.050024155708495,9.81332115311511,9.8231840133667,542500,0.0,0.0
2015-11-10,9.773869771192187,9.872496483664829,9.764006911830116,9.842907905578613,577500,0.0,0.0
2015-11-11,9.833047253715517,9.892222536364228,9.665382385253906,9.665382385253906,444500,0.0,0.0
2015-11-12,9.64565592504275,9.764007421847522,9.53716728811523,9.724556922912598,665600,0.0,0.0
2015-11-13,9.645655810777525,9.744282527233517,9.438540458679201,9.4385404586792,524900,0.0,0.0
2015-11-16,9.408952905473955,9.724556896082598,9.399090045623915,9.71469497680664,1007100,0.0,0.0
2015-11-17,9.66538074927779,9.764006517190156,9.46812827287906,9.487853050231934,796800,0.0,0.0
2015-11-18,9.556889774511383,9.68510410043363,9.49771451059272,9.616065979003906,743600,0.0,0.0
2015-11-19,9.665379240838751,9.73441736166029,9.576615405168857,9.59634017944336,519200,0.0,0.0
2015-11-20,9.695069698690254,9.803670881724809,9.576596451186658,9.75430679321289,1903500,0.01,0.0
2015-11-23,9.754307543252345,9.902398878633631,9.724689464484436,9.872780799865723,847900,0.0,0.0
2015-11-24,9.843162721097816,9.912271885403516,9.774052615250367,9.872780799865723,503300,0.0,0.0
2015-11-25,9.862906464608162,9.97150764136533,9.862906464608162,9.961634635925293,406600,0.0,0.0
2015-11-27,9.932015616165707,10.070233913008972,9.912269607164365,10.0603609085083,296800,0.0,0.0
2015-11-30,10.04061929473713,10.099855459033655,9.912273016705521,9.951764106750488,658800,0.0,0.0
2015-12-01,10.001125716143822,10.060361865700802,9.922143555706766,9.961634635925293,653700,0.0,0.0
2015-12-02,9.951761824866164,10.099853143192803,9.853033651620644,10.089981079101562,795000,0.0,0.0
2015-12-03,10.168963824879144,10.168963824879144,9.783925056966599,9.83328914642334,591100,0.0,0.0
2015-12-04,9.823417064298571,10.030745506286621,9.75430789748315,10.030745506286621,651400,0.0,0.0
2015-12-07,10.030742452846557,10.159088681821116,9.941887298822518,10.001124382019043,616300,0.0,0.0
2015-12-08,9.941889190400142,10.010999290868792,9.823415943007465,9.853034019470215,425100,0.0,0.0
2015-12-09,9.783924866756914,9.87278003774327,9.537105365813332,9.65557861328125,669100,0.0,0.0
2015-12-10,9.685196668308134,9.714814741844778,9.566722491078394,9.606213569641113,387300,0.0,0.0
2015-12-11,9.448250571358056,9.81354333432718,9.428505500097362,9.566723823547363,623000,0.0,0.0
2015-12-14,9.596340348056993,9.665449491816169,9.46799412283176,9.527230262756348,742900,0.0,0.0
2015-12-15,9.596342666999199,9.695069904577961,9.359395225418435,9.38901424407959,843300,0.0,0.0
2015-12-16,9.497614099051134,9.66545143175972,9.319903760526358,9.625960350036621,683000,0.0,0.0
2015-12-17,9.616088113660329,9.66545220514953,9.438378702457634,9.546978950500488,418000,0.0,0.0
2015-12-18,9.546979727155653,9.546979727155653,9.38901537477306,9.467997550964355,1926700,0.0,0.0
2015-12-21,9.477869028960413,9.625960350036621,9.467996023144224,9.625960350036621,476600,0.0,0.0
2015-12-22,9.645709610398798,9.675327696281249,9.566726478808976,9.635836601257324,539400,0.0,0.0
2015-12-23,9.67532539367676,9.774052636969754,9.67532539367676,9.675325393676758,312900,0.0,0.0
2015-12-24,9.66545295715332,9.74443513306442,9.556852700661011,9.66545295715332,173300,0.0,0.0
2015-12-28,9.66545239183353,9.67532539863041,9.448250950010936,9.576597213745117,286700,0.0,0.0
2015-12-29,9.635832015049319,9.704941163062951,9.4679947056949,9.61608600616455,540600,0.0,0.0
2015-12-30,9.616088324659945,9.66545241723231,9.329777717590332,9.329777717590332,474000,0.0,0.0
2015-12-31,9.33965053931258,9.418632709246332,9.260668369378829,9.300159454345703,499200,0.0,0.0
2016-01-04,9.497614094084486,9.497614094084486,9.063212195357558,9.280412673950195,902200,0.0,0.0
2016-01-05,9.319902238357765,9.438376405718984,9.250793092014973,9.339648246765137,1037500,0.0,0.0
2016-01-06,9.250793835711216,9.428504159498152,9.122447595369716,9.211302757263184,781400,0.0,0.0
2016-01-07,9.073084656729861,9.191558848564137,8.9348663354927,8.94473934173584,797200,0.0,0.0
2016-01-08,9.013848115005734,9.082957272654513,8.934865951538086,8.934865951538086,1190600,0.0,0.0
2016-01-11,8.964482087503523,8.984228094868149,8.727535648376728,8.836135864257812,695500,0.0,0.0
2016-01-12,8.934865760103042,8.974356840990746,8.77690143655223,8.855883598327637,683800,0.0,0.0
2016-01-13,8.855882799892361,8.974356031874073,8.559699249167304,8.589317321777344,762200,0.0,0.0
2016-01-14,8.589318090970156,8.717664339162763,8.460971842777552,8.609064102172852,1250400,0.0,0.0
2016-01-15,8.3918655659015,8.431356660314652,8.154918999422586,8.312883377075195,1271500,0.0,0.0
2016-01-19,8.431354723655726,8.539954972961226,8.31288146762925,8.362245559692383,1355400,0.0,0.0
2016-01-20,8.22402951953462,8.362248843277309,7.898227702144527,8.273393630981445,1171500,0.0,0.0
2016-01-21,8.263517560519105,8.451100926249135,8.174662381125067,8.342499732971191,1210100,0.0,0.0
2016-01-22,8.48071974771376,8.52021083739582,8.372118544931707,8.510337829589844,974300,0.0,0.0
2016-01-25,8.490592012475178,8.579446250327452,8.33262672602924,8.342499732971191,682100,0.0,0.0
2016-01-26,8.372117805903368,8.480718999098915,8.293135633511206,8.441227912902832,856500,0.0,0.0
2016-01-27,8.510337084817317,8.510337084817317,8.322754660629053,8.342499732971191,721400,0.0,0.0
2016-01-28,8.441227343158191,8.668300838073785,8.391863253359501,8.45110034942627,1175700,0.0,0.0
2016-01-29,8.460973341053792,8.618937692481262,8.41161018738906,8.59919261932373,1317900,0.0,0.0
2016-02-01,8.539953812800505,8.56957282893966,8.39186249827119,8.530081748962402,1144600,0.0,0.0
2016-02-02,8.480718813604314,8.53995497083191,8.322754472275065,8.411609649658203,1170500,0.0,0.0
2016-02-03,8.460972224742084,8.500463307388634,8.204280658310353,8.32275390625,1223900,0.0,0.0
2016-02-04,8.303009240643814,8.381991418745347,8.145044884440747,8.23390007019043,963800,0.0,0.0
2016-02-05,8.145043191067899,9.50748689237698,7.967332856514912,8.707791328430176,2909500,0.0,0.0
2016-02-08,8.589319622565055,8.638683717832459,8.421482263580966,8.50046443939209,1684900,0.0,0.0
2016-02-09,8.411609672897715,8.460972823543178,8.125298126520255,8.164790153503418,1090700,0.0,0.0
2016-02-10,8.194407846890174,8.332626168665106,8.145043757024112,8.154916763305664,484100,0.0,0.0
2016-02-11,8.066062176472625,8.164790363384919,7.947588917102936,7.996953010559082,998800,0.0,0.0
2016-02-12,8.075934596136646,8.194407846890174,7.987079422686074,8.154916763305664,529800,0.0,0.0
2016-02-16,8.194409728702366,8.381992183420893,8.135172618951195,8.253645896911621,638600,0.0,0.0
2016-02-17,8.332627505409217,8.460973783033978,8.233900251380684,8.263518333435059,781300,0.0,0.0
2016-02-18,8.273391152516126,8.312882241534792,8.174662959198544,8.28326416015625,412300,0.0,0.0
2016-02-19,8.23384104466726,8.668762352011916,8.164649404134638,8.480955123901367,1415100,0.01,0.0
2016-02-22,8.510608571449657,8.56003157595724,8.23384106593876,8.263494491577148,1212200,0.0,0.0
2016-02-23,8.342570997937504,8.846683951722493,8.273379356594024,8.728069305419922,1871500,0.0,0.0
2016-02-24,8.728069305419922,8.787377099903914,8.57980123320806,8.728069305419922,906300,0.0,0.0
2016-02-25,8.757722409448585,8.876337051391602,8.698415559809764,8.876337051391602,779100,0.0,0.0
2016-02-26,8.915876208037988,9.02460606081941,8.807145412591186,8.876337051391602,720500,0.0,0.0
2016-02-29,8.886218570026065,8.965294968884415,8.757719186214988,8.787373542785645,671800,0.0,0.0
2016-03-01,8.846683547413669,8.90599133918719,8.757722331086068,8.856568336486816,447800,0.0,0.0
2016-03-02,8.817029391636165,8.95541359918751,8.79725981512942,8.905990600585938,501200,0.0,0.0
2016-03-03,8.905993418700543,8.965300281656608,8.866455195841304,8.896108627319336,413800,0.0,0.0
2016-03-04,8.896105938869686,9.064143570906005,8.80714472865454,8.935644149780273,624100,0.0,0.0
2016-03-07,8.905993418700543,8.985069864419025,8.79726259883844,8.896108627319336,480800,0.0,0.0
2016-03-08,8.817029608678117,8.88622124282438,8.728068397538456,8.737953186035156,589600,0.0,0.0
2016-03-09,8.757722561941241,8.7972607766107,8.639107917932861,8.688530921936035,533100,0.0,0.0
2016-03-10,8.698415949605582,8.767607591506632,8.471070502027896,8.520493507385254,711700,0.0,0.0
2016-03-11,8.609451524752634,8.757719542985907,8.599566738826399,8.65887451171875,412200,0.0,0.0
2016-03-14,8.64899202017091,8.797260077736285,8.6193385971909,8.747838020324707,367000,0.0,0.0
2016-03-15,8.817030201752782,8.896106629714795,8.70830034897136,8.876337051391602,645200,0.0,0.0
2016-03-16,8.82691452439919,8.886221370903558,8.72806852333814,8.767606735229492,535200,0.0,0.0
2016-03-17,8.737953095227342,8.935644149780273,8.648991885012196,8.935644149780273,1170000,0.0,0.0
2016-03-18,8.985066762428906,9.133334811296834,8.965297186491707,9.064143180847168,1590900,0.0,0.0
2016-03-21,9.034491326980044,9.054259963681593,8.886222309723994,8.985068321228027,459700,0.0,0.0
2016-03-22,8.965296532106276,9.004834738429476,8.896104906706972,8.915874481201172,375400,0.0,0.0
2016-03-23,8.896103355549617,8.896103355549617,8.757719186214988,8.787373542785645,541300,0.0,0.0
2016-03-24,8.777491397356636,8.777491397356636,8.668761551888892,8.737953186035156,344200,0.0,0.0
2016-03-28,8.737952708991253,8.86645212443704,8.737952708991253,8.84668254852295,391300,0.0,0.0
2016-03-29,8.81703066727043,8.994953110911515,8.67864643969787,8.985068321228027,484000,0.0,0.0
2016-03-30,8.9949518027008,9.1333350674817,8.965297437963214,9.12345027923584,460600,0.0,0.0
2016-03-31,9.123450765248771,9.133335554021203,8.925759703126843,9.014720916748047,450600,0.0,0.0
2016-04-01,8.985066496098218,9.0839115448585,8.886220504672698,9.00483512878418,582900,0.0,0.0
2016-04-04,9.093798348449052,9.291489432459054,8.985068487909913,9.024606704711914,843400,0.0,0.0
2016-04-05,9.004836699028541,9.113567497089909,8.856568628700826,8.925760269165039,650400,0.0,0.0
2016-04-06,8.9455301051595,8.985068321228027,8.826915456953918,8.985068321228027,458400,0.0,0.0
2016-04-07,8.915875214738538,8.985066845830456,8.807144431405213,8.86645221710205,792100,0.0,0.0
2016-04-08,8.876339044556921,8.985069864419025,8.846685613078888,8.896108627319336,544100,0.0,0.0
2016-04-11,8.955413075736656,9.13333454057126,8.886220504672698,9.00483512878418,713800,0.0,0.0
2016-04-12,8.994952281868525,9.133335554021203,8.925759703126843,9.014720916748047,496900,0.0,0.0
2016-04-13,9.044375015052765,9.182759240193368,9.024606378698628,9.172874450683594,371300,0.0,0.0
2016-04-14,9.182759161388237,9.212412586997667,9.054259726860172,9.153105735778809,286200,0.0,0.0
2016-04-15,9.123450151699274,9.172873149572409,9.044373732168369,9.093796730041504,498500,0.0,0.0
2016-04-18,9.103682078189424,9.271719715696253,9.074028654707435,9.222296714782715,481800,0.0,0.0
2016-04-19,9.202528463630047,9.370565165476261,9.17287409624656,9.311258316040039,739400,0.0,0.0
2016-04-20,9.31125735508413,9.419987196272803,9.093796730041504,9.093796730041504,996800,0.0,0.0
2016-04-21,9.143220335521816,9.281604550229776,9.054259121971365,9.232181549072266,754900,0.0,0.0
2016-04-22,9.232180851014155,9.370564112593422,9.232180851014155,9.291487693786621,514300,0.0,0.0
2016-04-25,9.30137313917824,9.33102656266023,9.133335501671413,9.222296714782715,527300,0.0,0.0
2016-04-26,9.29148774000983,9.380448947276362,9.232180896942323,9.301372528076172,534100,0.0,0.0
2016-04-27,9.291488350462465,9.33102656266023,9.153105079102962,9.222296714782715,742000,0.0,0.0
2016-04-28,9.736293507367789,9.845023345097964,9.153104224878609,9.2420654296875,2519100,0.0,0.0
2016-04-29,9.251950183936065,9.331026608721947,9.083912545599736,9.232181549072266,1053300,0.0,0.0
2016-05-02,9.242066364554569,9.56825685340564,9.242066364554569,9.459526062011719,1085300,0.0,0.0
2016-05-03,9.4298742119406,9.508950650151236,9.23218311641401,9.380451202392578,696700,0.0,0.0
2016-05-04,9.31125819116613,9.350796404481821,9.192643551219058,9.281604766845703,657800,0.0,0.0
2016-05-05,9.331027312178334,9.340912101688108,9.034491168208403,9.172874450683594,887200,0.0,0.0
2016-05-06,9.172872683387663,9.261833886505054,9.113565843086223,9.202527046203613,656200,0.0,0.0
2016-05-09,9.044374981719058,9.212412632104257,9.034491134911123,9.16299057006836,520600,0.0,0.0
2016-05-10,9.222296714782715,9.271719715696253,9.103682078189424,9.222296714782715,565300,0.0,0.0
2016-05-11,9.19264281895293,9.202527607160793,9.093796822204881,9.113566398620605,501200,0.0,0.0
2016-05-12,9.123451322736376,9.212412541793546,9.004836678215282,9.143220901489258,536200,0.0,0.0
2016-05-13,9.42987150513452,9.459524925285239,9.192642258598296,9.202527046203613,1190800,0.0,0.0
2016-05-16,9.18275747099298,9.311256881866408,9.15310405084226,9.202527046203613,513700,0.0,0.0
2016-05-17,9.202527780425712,9.212411626154378,8.856567727959101,8.935644149780273,748300,0.0,0.0
2016-05-18,8.925757636163732,9.064141818935735,8.886219432895322,8.975180625915527,673200,0.0,0.0
2016-05-19,8.925759623717166,9.054259048619537,8.88622141164454,8.994952201843262,705300,0.0,0.0
2016-05-20,9.004835613664694,9.133335032371043,8.99495176812212,9.113566398620605,663800,0.0,0.0
2016-05-23,9.5984368689555,9.796342598933034,9.529170099385603,9.667704582214355,1634800,0.01,0.0
2016-05-24,9.707285432855004,9.796342300868522,9.618227621152556,9.776552200317383,833600,0.0,0.0
2016-05-25,9.816132545471191,9.905190349918852,9.766655882590397,9.816132545471191,765800,0.0,0.0
2016-05-26,9.845818165724127,9.895294828604923,9.756760361276466,9.816132545471191,370000,0.0,0.0
2016-05-27,9.796340482841483,9.934874935745635,9.786445906246637,9.915084838867188,573300,0.0,0.0
2016-05-31,9.915085949490358,10.023933853736137,9.875503863922226,9.954667091369629,767500,0.0,0.0
2016-06-01,9.944770456029236,9.964560552907683,9.826027043692287,9.915084838867188,537600,0.0,0.0
2016-06-02,9.86560807078381,10.112990412974156,9.86560807078381,10.06351375579834,788900,0.0,0.0
2016-06-03,10.04372597755339,10.083307127411853,9.85571575164795,9.85571575164795,472500,0.0,0.0
2016-06-06,9.905190891082023,10.122886709749016,9.86560974735267,10.073410987854004,784600,0.0,0.0
2016-06-07,10.073407755072258,10.162465535804897,9.964558936981875,10.043721199035645,898600,0.0,0.0
2016-06-08,10.033829084736533,10.350478210606475,9.994247944002792,10.30100154876709,1426800,0.0,0.0
2016-06-09,10.221839267299604,10.30100154876709,10.182258126565861,10.30100154876709,1052700,0.0,0.0
2016-06-10,10.261419605174034,10.271315125505447,10.063513916989574,10.103095054626465,887800,0.0,0.0
2016-06-13,10.07340891727072,10.182256804230597,9.974455606442678,10.033827781677246,812500,0.0,0.0
2016-06-14,9.994245529174805,10.083302366541025,9.885396710690639,9.994245529174805,623800,0.0,0.0
2016-06-15,10.063515904932865,10.122887151271998,10.004143714904787,10.004143714904785,723300,0.0,0.0
2016-06-16,9.994245493018491,10.063512236393386,9.875501156249237,10.043721199035645,769400,0.0,0.0
2016-06-17,10.073410269139918,10.11299141004525,9.994247987329253,10.0140380859375,997500,0.0,0.0
2016-06-20,10.12288503973706,10.3207916694233,10.093199422759623,10.251523971557617,663500,0.0,0.0
2016-06-21,10.340583004483921,10.419745288362758,10.301001862544503,10.38016414642334,816500,0.0,0.0
2016-06-22,10.390059115964881,10.409850157727826,10.31089683629073,10.360373497009277,755300,0.0,0.0
2016-06-23,10.469221951709248,10.508803093648666,10.271316242012155,10.38016414642334,773100,0.0,0.0
2016-06-24,10.004144214390548,10.023935259951013,9.875505249314493,9.885400772094727,3544400,0.0,0.0
2016-06-27,9.766656452996846,9.786447496780571,9.529169589725601,9.59843635559082,1041000,0.0,0.0
2016-06-28,9.667705129355129,9.736971902845157,9.628123037430527,9.687495231628418,862200,0.0,0.0
2016-06-29,9.697390019508907,9.875504701222754,9.697390019508907,9.865610122680664,428300,0.0,0.0
2016-06-30,10.103095054626467,10.251524084842622,9.88539832577918,10.103095054626465,848600,0.0,0.0
2016-07-01,10.122886068153798,10.192153773056612,10.083304926933122,10.152572631835938,455100,0.0,0.0
2016-07-05,10.083306414975185,10.083306414975185,9.885400679665908,9.984354019165039,526700,0.0,0.0
2016-07-06,9.944770344789623,10.083303852455419,9.87550264726798,10.06351375579834,459400,0.0,0.0
2016-07-07,10.053619423455439,10.261420653194488,10.053619423455439,10.241630554199219,670200,0.0,0.0
2016-07-08,10.340579768640032,10.40984745312495,10.291103120776109,10.399951934814453,651900,0.0,0.0
2016-07-11,10.409851177318249,10.518699086609088,10.38016461176619,10.498908042907715,501200,0.0,0.0
2016-07-12,10.538487108548717,10.597859284256396,10.449430260520275,10.459324836730957,941100,0.0,0.0
2016-07-13,10.479116916520505,10.528593577239052,10.350477976127806,10.360373497009277,432600,0.0,0.0
2016-07-14,10.360374647957343,10.46922255867916,10.340583603995785,10.350479125976562,323700,0.0,0.0
2016-07-15,10.409850513569836,10.409850513569836,10.301001667530468,10.390059471130371,448900,0.0,0.0
2016-07-18,10.429639263060535,10.469220399130094,10.340581470981846,10.409849166870117,464700,0.0,0.0
2016-07-19,10.380163949910639,10.459326232290811,10.33068728750082,10.390059471130371,490500,0.0,0.0
2016-07-20,10.399952793264843,10.667125203881712,10.399952793264843,10.548381805419922,939700,0.0,0.0
2016-07-21,10.54838249555807,10.617649246603797,10.281210067461185,10.370266914367676,537200,0.0,0.0
2016-07-22,10.390059351340218,10.429640492073961,10.231734788405248,10.30100154876709,652900,0.0,0.0
2016-07-25,10.29110658692524,10.360374294740225,10.172363158270974,10.320793151855469,689100,0.0,0.0
2016-07-26,10.31089763021206,10.39005991598157,10.261420965683893,10.320793151855469,530800,0.0,0.0
2016-07-27,10.39005991598157,10.39005991598157,10.192154201557793,10.320793151855469,914300,0.0,0.0
2016-07-28,9.628120654172234,10.3702677076519,9.400529344075752,10.330686569213867,2405400,0.0,0.0
2016-07-29,10.301002434358502,10.597861487227371,10.301002434358502,10.587965965270996,1469700,0.0,0.0
2016-08-01,10.558279588080978,10.647337391942115,10.528593968023548,10.578069686889648,1150600,0.0,0.0
2016-08-02,10.6176526490888,10.647339217926227,10.459328056711891,10.489014625549316,1305100,0.0,0.0
2016-08-03,10.498908646029417,10.558280836855335,10.429641876473314,10.469223022460938,485100,0.0,0.0
2016-08-04,11.142103631484133,11.35979946615771,10.845244559842286,10.884825706481934,3929500,0.0,0.0
2016-08-05,11.013461858304733,11.458749880283783,10.973880721766346,11.310320854187012,3113100,0.0,0.0
2016-08-08,11.399381321579632,11.429066945025394,11.250951316972914,11.320218086242676,1343900,0.0,0.0
2016-08-09,11.290530924199814,11.409274345490266,11.260845304799407,11.349903106689453,2337200,0.0,0.0
2016-08-10,11.379588764280271,11.379588764280271,11.171787540402383,11.300426483154297,1339800,0.0,0.0
2016-08-11,11.300427454672336,11.52801879655374,11.260846310706487,11.48843765258789,1369900,0.0,0.0
2016-08-12,11.42906597658705,11.607180645858085,11.369693791037456,11.55770492553711,1180700,0.0,0.0
2016-08-15,11.567598078521124,11.68634243499369,11.528016940926522,11.676446914672852,992300,0.0,0.0
2016-08-16,11.676449004956693,11.676449004956693,11.468647759462867,11.478543281555176,1040700,0.0,0.0
2016-08-17,11.448857412917684,11.537915229797363,11.3696951187333,11.537915229797363,977200,0.0,0.0
2016-08-18,11.557706122668524,11.59728726923839,11.438962682958925,11.498333930969238,738900,0.0,0.0
2016-08-19,11.508228105303571,11.617076009696534,11.438961342843399,11.518123626708984,1192500,0.0,0.0
2016-08-22,11.518123979393724,11.597286265683259,11.45875179283213,11.547809600830078,626400,0.0,0.0
2016-08-23,11.547808239241862,11.706268580614257,11.52800116881938,11.587423324584961,850000,0.01,0.0
2016-08-24,11.59732888523853,11.59732888523853,11.399253431995422,11.438868522644043,570900,0.0,0.0
2016-08-25,11.379442618451673,11.458672780281777,11.280405388413056,11.339827537536621,639700,0.0,0.0
2016-08-26,11.379446008088594,11.438869119410768,11.22098563722722,11.290311813354492,739100,0.0,0.0
2016-08-29,11.359637360592773,11.409156455752798,11.300214257501107,11.349733352661133,1682700,0.0,0.0
2016-08-30,11.349731543889892,11.508191867550101,11.310116462974838,11.339827537536621,1074500,0.0,0.0
2016-08-31,11.290309706646854,11.33982879942563,11.092234280029881,11.310117721557617,950800,0.0,0.0
2016-09-01,11.369540966955475,11.42896407288477,11.171465521354866,11.389348983764648,1316500,0.0,0.0
2016-09-02,11.399252921754881,11.528002196724538,11.399252921754881,11.488387107849121,706600,0.0,0.0
2016-09-06,11.52800133993738,11.587423496585004,11.428963152860474,11.478482246398926,707300,0.0,0.0
2016-09-07,11.448771338633733,11.6567507789951,11.428963323124,11.646846771240234,826400,0.0,0.0
2016-09-08,11.666653942486054,11.72607704502762,11.577519760922788,11.636942863464355,967100,0.0,0.0
2016-09-09,11.488386214359034,11.488386214359034,11.092234411916705,11.112042427062988,1383400,0.0,0.0
2016-09-12,11.06252496871163,11.329926601220773,11.003101858988328,11.320023536682129,1563800,0.0,0.0
2016-09-13,11.260599648410121,11.270503656762298,11.121946364974315,11.211080551147461,926300,0.0,0.0
2016-09-14,11.082330981344361,11.19127318132469,10.963485717773436,10.963485717773438,1096100,0.0,0.0
2016-09-15,11.329924511789978,11.329924511789978,10.933773668352538,11.151657104492188,683800,0.0,0.0
2016-09-16,11.121945221349492,11.24079142035869,11.042715051675442,11.230887413024902,884600,0.0,0.0
2016-09-19,11.28040844503269,11.399253719981008,11.201178261733812,11.320023536682129,805400,0.0,0.0
2016-09-20,11.339827942436973,11.399251038180331,11.24079070886213,11.300212860107422,547600,0.0,0.0
2016-09-21,11.369537915336673,11.597325325012207,11.300211764108369,11.597325325012207,1119100,0.0,0.0
2016-09-22,11.587421169274672,11.716170408816364,11.527999024561867,11.706266403198242,1122200,0.0,0.0
2016-09-23,11.646847071944315,11.656751079954887,11.518097801301435,11.617135047912598,832200,0.0,0.0
2016-09-26,11.567616973384723,11.577520036962623,11.448771709966165,11.518097877502441,708900,0.0,0.0
2016-09-27,11.557712383261501,11.706268718928845,11.488386219216494,11.666653633117676,888000,0.0,0.0
2016-09-28,11.666651227795013,11.785496460726103,11.58742107250762,11.716170310974121,916400,0.0,0.0
2016-09-29,11.666654535539381,11.67655854388279,11.448772018973706,11.488387107849121,891800,0.0,0.0
2016-09-30,11.547809158696882,11.567617175194645,11.320022635961871,11.498290061950684,1059500,0.0,0.0
2016-10-03,11.46857738494873,11.488385398688653,11.339828129133476,11.46857738494873,884400,0.0,0.0
2016-10-04,11.478481369095121,11.508192445148106,11.141752692167694,11.191271781921387,680600,0.0,0.0
2016-10-05,11.181368591078682,11.270502770240661,11.102138419489846,11.112042427062988,895700,0.0,0.0
2016-10-06,11.042713921868309,11.161560108718062,11.0030988410844,11.062521934509277,717900,0.0,0.0
2016-10-07,11.072427440798759,11.161561620761965,11.013004339323903,11.10213851928711,487800,0.0,0.0
2016-10-10,11.131850682854571,11.230888880133712,11.082331584215002,11.18136978149414,361200,0.0,0.0
2016-10-11,11.131848662160118,11.171463744981049,10.89415816523454,10.913966178894043,534000,0.0,0.0
2016-10-12,10.93377426548221,11.102138619262584,10.894159178974954,11.09223461151123,606200,0.0,0.0
2016-10-13,10.96348621142751,10.96348621142751,10.805025852864599,10.824833869934082,1067900,0.0,0.0
2016-10-14,10.894157762042056,11.003098999643182,10.824831605795707,10.953580856323242,1011800,0.0,0.0
2016-10-17,10.953581503005212,11.03281167039239,10.923869481861448,10.983292579650879,547800,0.0,0.0
2016-10-18,11.092232960028003,11.112040972581568,10.874349544428906,10.973387718200684,2130600,0.0,0.0
2016-10-19,10.963485557922292,11.013004653146055,10.517815589904785,10.517815589904785,1198900,0.0,0.0
2016-10-20,10.517816212787194,10.636661481663529,10.438586033536303,10.458394050598145,773600,0.0,0.0
2016-10-21,10.36925947805552,10.58714199066162,10.36925947805552,10.587141990661621,591300,0.0,0.0
2016-10-24,10.676274152388752,10.74560125189967,10.537621842362965,10.597043991088867,856000,0.0,0.0
2016-10-25,10.49800873243011,10.567334900457116,10.210799107677685,10.220702171325684,893200,0.0,0.0
2016-10-26,10.190990584076209,10.299931834766706,9.98301114585024,9.992915153503418,1405100,0.0,0.0
2016-10-27,10.022626977445013,10.101857155567247,9.973107879994059,10.012722969055176,878700,0.0,0.0
2016-10-28,9.99291589677373,10.141472244628364,9.99291589677373,10.012722969055176,865900,0.0,0.0
2016-10-31,10.121663192243327,10.240508436176954,10.032529023168596,10.111759185791016,1282400,0.0,0.0
2016-11-01,10.062241484353462,10.0721454921703,9.735416782383183,9.883973121643066,1124600,0.0,0.0
2016-11-02,9.814647885694997,9.963205183526366,9.75522572216106,9.794840812683105,1055400,0.0,0.0
2016-11-03,9.854261257004001,9.864165264031186,9.675993853005153,9.775031089782715,1227100,0.0,0.0
2016-11-04,11.191271647761102,11.448770155794973,10.795119878978669,10.923869132995605,4132100,0.0,0.0
2016-11-07,11.102139262686403,11.270503626224325,11.022909085080114,11.121946334838867,1237200,0.0,0.0
2016-11-08,11.121945794664205,11.428963426350903,11.11204273131806,11.359637260437012,850600,0.0,0.0
2016-11-09,11.181368796241333,11.6963658655164,11.1120426309536,11.646846771240234,1169200,0.0,0.0
2016-11-10,11.78549701558471,11.963765345623154,11.607229630044264,11.755785942077637,1125900,0.0,0.0
2016-11-11,11.805304925819534,11.993476315739525,11.726074767485013,11.953861236572266,1202100,0.0,0.0
2016-11-14,11.825113604154119,11.953862865112429,11.528000942171374,11.795402526855469,1084100,0.0,0.0
2016-11-15,11.775594005070204,11.914246311702259,11.735978925389901,11.84492015838623,600700,0.0,0.0
2016-11-16,11.84492169765597,12.102420221289346,11.775595535330877,11.973670959472656,669200,0.0,0.0
2016-11-17,11.973671430877387,12.151939791872497,11.973671430877387,12.112323760986328,590500,0.0,0.0
2016-11-18,12.151938735670054,12.18164981175414,12.023189479974912,12.12222671508789,837700,0.0,0.0
2016-11-21,12.171747549115244,12.280688806700319,12.11232444393361,12.231170654296875,470300,0.0,0.0
2016-11-22,12.270785157524223,12.37972640991211,12.250977141909242,12.37972640991211,484100,0.0,0.0
2016-11-23,12.320303616092266,12.369822711871613,12.241073440644588,12.350015640258789,446500,0.0,0.0
2016-11-25,12.379725105668882,12.439148201755243,12.300494940552447,12.32030200958252,243400,0.0,0.0
2016-11-28,12.290568138526737,12.35003904726267,12.191451217644214,12.231098175048828,478700,0.01,0.0
2016-11-29,12.300481373588491,12.35995228841341,12.161717481093886,12.181540489196777,531500,0.0,0.0
2016-11-30,12.250919989202806,12.29056694275008,11.993215263774495,12.042773246765137,1029100,0.0,0.0
2016-12-01,12.042775021237956,12.19145182789084,11.814805241064837,11.874275207519531,751800,0.0,0.0
2016-12-02,11.854452083343697,11.943657977402546,11.537276411363846,11.576923370361328,642200,0.0,0.0
2016-12-05,11.685953856457745,11.874276700926746,11.626482937265422,11.755335807800293,758100,0.0,0.0
2016-12-06,11.765243725645055,11.824714624317114,11.497627044765455,11.567008972167969,727900,0.0,0.0
2016-12-07,11.666128663266356,11.824716491084276,11.547186847144902,11.804892539978027,566600,0.0,0.0
2016-12-08,11.715686362910983,12.141891848652357,11.685951382239582,12.112156867980957,922700,0.0,0.0
2016-12-09,12.10224600996685,12.10224600996685,11.89409923553467,11.894099235534668,868000,0.0,0.0
2016-12-12,11.804893506379093,11.894099403143967,11.557099768813593,11.676040649414062,696200,0.0,0.0
2016-12-13,11.705773680184878,11.705773680184878,11.378685157947345,11.418333053588867,589900,0.0,0.0
2016-12-14,11.398511158406384,11.497629024843565,11.319217243359853,11.329129219055176,489100,0.0,0.0
2016-12-15,11.368774920093315,11.557097711200754,11.230010111469255,11.249834060668945,802400,0.0,0.0
2016-12-16,11.289481225251919,11.348951183448959,11.140804439243434,11.180451393127441,1140700,0.0,0.0
2016-12-19,11.17054021473166,11.289481074798575,11.091245362762455,11.140804290771484,524000,0.0,0.0
2016-12-20,11.230009666800829,11.329127518358717,11.160627737865038,11.259744644165039,518900,0.0,0.0
2016-12-21,11.279569700851324,11.299392705955874,11.160628834450081,11.170540809631348,418300,0.0,0.0
2016-12-22,11.150717073325094,11.150717073325094,10.803805497385113,10.843452453613281,576500,0.0,0.0
2016-12-23,10.813716032016307,10.98221580985085,10.803804057965365,10.962392807006836,433000,0.0,0.0
2016-12-27,10.952480832955894,11.041686708898636,10.912833882009993,10.962392807006836,249700,0.0,0.0
2016-12-28,10.962393824952612,11.021863784264784,10.793894031471519,10.853363990783691,250800,0.0,0.0
2016-12-29,10.863276404356366,10.942570316812704,10.783982491900028,10.843452453613281,447900,0.0,0.0
2016-12-30,10.843452530744324,10.893011462696554,10.764158617723956,10.863276481628418,485200,0.0,0.0
2017-01-03,10.99213032166382,11.279571018697728,10.91283640146537,11.269659042358398,1113300,0.0,0.0
2017-01-04,11.329129202951517,11.7553337594063,11.279570269803372,11.586833953857422,1103400,0.0,0.0
2017-01-05,11.507540196208085,11.517452172024795,11.279570423971977,11.497629165649414,777200,0.0,0.0
2017-01-06,11.51745327380529,11.527365250570197,11.002042770385744,11.002042770385742,970600,0.0,0.0
2017-01-09,10.912836083473147,10.942571066366588,10.694777336652436,10.78398323059082,3988300,0.0,0.0
2017-01-10,10.823629375064298,11.3489517778559,10.823629375064298,11.33903980255127,1412500,0.0,0.0
2017-01-11,11.239922745384243,11.28948167603259,11.071422948334654,11.170540809631348,789700,0.0,0.0
2017-01-12,11.299391880586532,11.388597760185872,10.982216260018124,11.081334114074707,844900,0.0,0.0
2017-01-13,11.200274502404028,11.49762710685434,11.200274502404028,11.457980155944824,933900,0.0,0.0
2017-01-17,11.457980952417659,11.507538935556049,11.249834209359427,11.289481163024902,467200,0.0,0.0
2017-01-18,11.348952225187794,11.378687207015737,11.25974633444594,11.329129219055176,834900,0.0,0.0
2017-01-19,11.388598592071302,11.45798147308218,11.111069903801734,11.170540809631348,1494100,0.0,0.0
2017-01-20,11.170540809631348,11.279569700851324,11.130892908906285,11.170540809631348,401800,0.0,0.0
2017-01-23,11.16062824007827,11.230010172136152,11.081334333366993,11.140804290771484,380300,0.0,0.0
2017-01-24,11.170542215081118,11.785070574768291,11.170542215081118,11.6958646774292,1010800,0.0,0.0
2017-01-25,11.745422797257008,11.89409865230764,11.705775839559639,11.864363670349121,551000,0.0,0.0
2017-01-26,11.794981250683527,11.814805202943178,11.378687705811585,11.467893600463867,869100,0.0,0.0
2017-01-27,11.507540201881334,11.547187159909683,11.348952369767938,11.368776321411133,524700,0.0,0.0
2017-01-30,11.309304898788325,11.309304898788325,11.05159921066368,11.230010986328125,718400,0.0,0.0
2017-01-31,11.111070117637826,11.249834937072174,11.002041224319553,11.230010986328125,833400,0.0,0.0
2017-02-01,11.26965712549179,11.339039057549675,11.031775405357964,11.140804290771484,703600,0.0,0.0
2017-02-02,11.140805774604592,11.140805774604592,10.734424212269255,10.893012046813965,1836700,0.0,0.0
2017-02-03,10.318130575839072,10.496542360634276,9.842367076729257,10.209101676940918,4675200,0.0,0.0
2017-02-06,9.90183632885183,10.308217858075283,9.90183632885183,10.010866165161133,1711400,0.0,0.0
2017-02-07,10.010869021962817,10.337956733715785,10.010869021962817,10.288397789001465,1421700,0.0,0.0
2017-02-08,10.238838844287145,10.318132777726758,10.139720954858502,10.288397789001465,860500,0.0,0.0
2017-02-09,10.298307630407658,10.3875125780762,10.298307630407658,10.35777759552002,789800,0.0,0.0
2017-02-10,10.38751024922155,10.595656970964928,10.367687247047717,10.496540069580078,872400,0.0,0.0
2017-02-13,10.51636432384843,10.645217161722208,10.456894364988502,10.575835227966309,1053200,0.0,0.0
2017-02-14,10.55601046079313,10.655128311561976,10.466805529410626,10.486628532409668,796500,0.0,0.0
2017-02-15,10.427159962976173,10.486629925129327,10.258660161445562,10.347865104675293,783900,0.0,0.0
2017-02-16,10.377603489754975,10.397426500083318,10.159544704593827,10.228926658630371,858900,0.0,0.0
2017-02-17,10.238837317109423,10.308219262205832,10.149631418980835,10.258661270141602,1676100,0.0,0.0
2017-02-21,10.278482522807582,10.476717292989138,10.278482522807582,10.427159309387207,931400,0.0,0.0
2017-02-22,10.417250667155399,10.427162645149913,10.238838844287145,10.288397789001465,656300,0.0,0.0
2017-02-23,10.367766955382661,10.367766955382661,10.060206928794514,10.089970588684082,921600,0.01,0.0
2017-02-24,10.040362391786452,10.08996911513759,9.97091354679659,10.060205459594727,745400,0.0,0.0
2017-02-27,10.040361503261718,10.159417061066861,10.020519383378927,10.099889755249023,1034800,0.0,0.0
2017-02-28,10.060204930652832,10.080047051248304,9.911384768424034,10.030440330505371,1076000,0.0,0.0
2017-03-01,10.179261292105762,10.288395329374847,10.09989091115196,10.238788604736328,708000,0.0,0.0
2017-03-02,10.238789667872709,10.338003127451497,10.16934081386936,10.318160057067871,831500,0.0,0.0
2017-03-03,10.30823946804573,10.328081592259684,10.139577154463591,10.318160057067871,899000,0.0,0.0
2017-03-06,10.357844128654639,10.536427958066303,10.328080472475886,10.526506423950195,1264300,0.0,0.0
2017-03-07,10.466980707105748,10.72493495642787,10.427295510761553,10.655485153198242,1611600,0.0,0.0
2017-03-08,10.66540538907887,10.843989223949347,10.635641731990324,10.744775772094727,1021000,0.0,0.0
2017-03-09,10.754696786267889,10.804303509795531,10.645561805273168,10.715011596679688,867100,0.0,0.0
2017-03-10,10.79438264564768,10.913438221799687,10.764618988152082,10.843989372253418,554500,0.0,0.0
2017-03-13,10.84398884538312,10.953122881677627,10.734853862919046,10.814224243164062,1548200,0.0,0.0
2017-03-14,10.774538348925786,10.814223536454868,10.586033944705019,10.665404319763184,521500,0.0,0.0
2017-03-15,10.715010530504914,10.972964710245813,10.715010530504914,10.94320011138916,1488600,0.0,0.0
2017-03-16,11.002729534818332,11.151548760274284,10.972965878961055,11.082099914550781,995800,0.0,0.0
2017-03-17,11.062256474878627,11.171391452971351,10.982886097812754,11.151548385620117,1576700,0.0,0.0
2017-03-20,11.141627311706543,11.161470379876606,11.01265115327941,11.141627311706543,594200,0.0,0.0
2017-03-21,11.320212364196777,11.508717747510245,11.240841975276265,11.320212364196777,2013000,0.0,0.0
2017-03-22,11.330133266859102,11.330133266859102,11.06225750957906,11.211077690124512,873900,0.0,0.0
2017-03-23,11.21107636583694,11.389659236759247,11.21107636583694,11.280525207519531,560600,0.0,0.0
2017-03-24,11.280525863881905,11.359896243614354,11.032493190675611,11.082099914550781,809300,0.0,0.0
2017-03-27,10.95312125041919,11.052334684034298,10.824144165187322,10.992806434631348,732500,0.0,0.0
2017-03-28,10.963042783014586,11.032491618843506,10.95312125041919,10.992806434631348,739500,0.0,0.0
2017-03-29,10.972966252265117,11.032493566004813,10.8737528011395,11.012651443481445,910500,0.0,0.0
2017-03-30,11.02257101529772,11.032492548729364,10.903515452626518,10.972965240478516,511100,0.0,0.0
2017-03-31,10.97296572669037,11.062256693023125,10.963044192819105,10.98288631439209,1115400,0.0,0.0
2017-04-03,11.012650916005889,11.062256693023125,10.91343746963232,10.98288631439209,1683100,0.0,0.0
2017-04-04,11.00272873454643,11.022570854951567,10.843987986627374,10.873751640319824,816700,0.0,0.0
2017-04-05,10.893594305010575,11.250761951843407,10.893594305010575,11.230918884277344,1359500,0.0,0.0
2017-04-06,11.230919813162133,11.260684416972994,11.141627894068787,11.211077690124512,795700,0.0,0.0
2017-04-07,11.161472453769484,11.369819977419972,11.161472453769484,11.260685920715332,1126800,0.0,0.0
2017-04-10,11.300370784007253,11.439268498219308,11.211078855631095,11.369819641113281,773400,0.0,0.0
2017-04-11,11.330131228661017,11.47895043626549,11.310288163023381,11.439265251159668,642000,0.0,0.0
2017-04-12,11.379738807678223,11.4392661167566,11.330132085999894,11.379738807678223,874100,0.0,0.0
2017-04-13,11.369818252080387,11.42934651244859,11.300369403458816,11.399581909179688,1223600,0.0,0.0
2017-04-17,11.36981763358579,11.65753549301338,11.330132444222313,11.617850303649902,1166800,0.0,0.0
2017-04-18,11.548404046368278,11.786515235900879,11.439269041538516,11.786515235900879,1518900,0.0,0.0
2017-04-19,11.846040180693514,11.885725370977411,11.717064021898025,11.79643440246582,1072400,0.0,0.0
2017-04-20,11.82619942261999,11.836120957877664,11.687300767521581,11.74682903289795,904500,0.0,0.0
2017-04-21,11.677380147578543,11.776592661384104,11.637694006652707,11.726985931396484,1107300,0.0,0.0
2017-04-24,11.85596409630545,11.875807168518046,11.736908501539148,11.786515235900879,1652800,0.0,0.0
2017-04-25,11.518636763778066,11.56824348662265,11.10194180575482,11.558321952819824,2631300,0.0,0.0
2017-04-26,11.63769217418522,11.776590807045682,11.607928519347096,11.766669273376465,2100600,0.0,0.0
2017-04-27,11.766668814008158,11.81627553424808,11.69721997337396,11.776590347290039,2251600,0.0,0.0
2017-04-28,11.816277423682314,11.816277423682314,11.647615115599002,11.756750106811523,1256400,0.0,0.0
2017-05-01,11.7865123407149,11.816275995553024,11.647613707854438,11.766669273376465,1179500,0.0,0.0
2017-05-02,11.766669546676678,11.99486009552114,11.746827425046906,11.945253372192383,1156700,0.0,0.0
2017-05-03,11.885725055164281,11.925411190563258,11.746827365946046,11.90556812286377,1283900,0.0,0.0
2017-05-04,11.925409477761686,12.044465028350478,11.826196045852987,12.024621963500977,2847300,0.0,0.0
2017-05-05,13.195339148532607,13.244945875207502,12.649667047447988,12.828250885009766,4757400,0.0,0.0
2017-05-08,12.818328084532393,12.867934806308243,12.530610233635889,12.629822731018066,1783300,0.0,0.0
2017-05-09,12.699273569931835,12.719115692580983,12.540532804060247,12.689352035522461,1556400,0.0,0.0
2017-05-10,12.689351718651324,12.887777671035831,12.629823459851185,12.79848575592041,1537100,0.0,0.0
2017-05-11,12.748877010471148,13.036594811012,12.719112414913251,13.006830215454102,1407000,0.0,0.0
2017-05-12,13.026675815820841,13.026675815820841,12.758800080652932,12.788564682006836,1130400,0.0,0.0
2017-05-15,13.096125369888734,13.096125369888734,12.877856345642538,12.937384605407715,1345400,0.0,0.0
2017-05-16,12.937385041467984,12.937385041467984,12.669510228919822,12.907621383666992,1138600,0.0,0.0
2017-05-17,12.907619741366826,12.907619741366826,12.471081733703612,12.471081733703613,1064300,0.0,0.0
2017-05-18,12.451240139891103,12.609980896241439,12.401633416989238,12.500846862792969,823300,0.0,0.0
2017-05-19,12.510774172849056,12.65971157734355,12.471057468522462,12.610065460205078,1029000,0.01,0.0
2017-05-22,12.629924982914348,12.6497828627132,12.471058156839609,12.560420036315918,1056700,0.0,0.0
2017-05-23,12.639853720887228,12.709358668978789,12.510775132119322,12.64978313446045,640200,0.0,0.0
2017-05-24,12.649783134460451,12.729216549204237,12.610066427088558,12.64978313446045,580800,0.0,0.0
2017-05-25,12.739146678622056,12.759005506884419,12.639854431152344,12.639854431152344,412400,0.0,0.0
2017-05-26,12.619996589064067,12.759005546569824,12.550492583771716,12.759005546569824,555200,0.0,0.0
2017-05-30,12.729216549204237,12.76893325657613,12.639853720887228,12.64978313446045,464600,0.0,0.0
2017-05-31,12.679571375180117,12.719288082552012,12.5008457185461,12.64978313446045,459800,0.0,0.0
2017-06-01,12.679571885618833,12.768933770612266,12.639854229727037,12.749075889587402,579900,0.0,0.0
2017-06-02,12.778864398828743,12.90794395197907,12.739147686084115,12.83843994140625,521500,0.0,0.0
2017-06-05,12.838437978421327,12.838437978421327,12.679571151733398,12.679571151733398,332900,0.0,0.0
2017-06-06,12.610065918200982,12.619995331373497,12.461128508297099,12.550491333007812,797900,0.0,0.0
2017-06-07,12.550492734198128,12.550492734198128,12.341979768900845,12.451200485229492,844200,0.0,0.0
2017-06-08,12.441271081284981,12.540563330336113,12.341979779154917,12.490917205810547,743900,0.0,0.0
2017-06-09,12.55049087717565,12.649782164531672,12.451198642898703,12.610065460205078,1038200,0.0,0.0
2017-06-12,12.600137450596929,12.63985415934654,12.45120002951614,12.510775566101074,905600,0.0,0.0
2017-06-13,12.53063205155189,12.610065460205078,12.471057468522462,12.610065460205078,518700,0.0,0.0
2017-06-14,12.560420967756018,12.639854386683911,12.351908006340036,12.480987548828125,755900,0.0,0.0
2017-06-15,12.312190501856781,12.361836622211241,12.14339426080421,12.212899208068848,1042000,0.0,0.0
2017-06-16,12.103678693365419,12.153324818393648,11.994457975840174,12.06396198272705,845800,0.0,0.0
2017-06-19,12.103678488530415,12.222829565350159,12.063961778564188,12.17318344116211,422100,0.0,0.0
2017-06-20,12.17318218484753,12.202969477517785,11.954739829116754,12.004385948181152,665600,0.0,0.0
2017-06-21,12.044104600991274,12.222830279745926,12.024245771386928,12.163254737854004,801500,0.0,0.0
2017-06-22,12.163254737854004,12.222830279745926,12.143395908249659,12.163254737854004,469200,0.0,0.0
2017-06-23,12.163253795550075,12.242687213971411,12.113607672306477,12.202970504760742,1798800,0.0,0.0
2017-06-26,12.212898993128116,12.371765817929626,12.153323460367066,12.282402992248535,1471900,0.0,0.0
2017-06-27,12.27247428894043,12.421412655998772,12.242686994297172,12.27247428894043,496300,0.0,0.0
2017-06-28,12.332051059351175,12.550493451412715,12.292334346878269,12.441271781921387,404800,0.0,0.0
2017-06-29,12.451200485229492,12.480987781151658,12.272474815854375,12.451200485229492,480900,0.0,0.0
2017-06-30,12.480987842395372,12.80865093991021,12.421413250258713,12.68950080871582,1497000,0.0,0.0
2017-07-03,12.709358628786093,12.719288042327914,12.530632972717287,12.530632972717285,295200,0.0,0.0
2017-07-05,12.50084522877302,12.590208053588865,12.37176569814135,12.590208053588867,523800,0.0,0.0
2017-07-06,12.50084518437153,12.52070306374843,12.381695067347264,12.471057891845703,645300,0.0,0.0
2017-07-07,12.480986637207943,12.629924997009963,12.461128757386925,12.600136756896973,399000,0.0,0.0
2017-07-10,12.600136728683017,12.629924968729307,12.471058142832998,12.520703315734863,435100,0.0,0.0
2017-07-11,12.50084755980206,12.50084755980206,12.27247574858593,12.411484718322754,744700,0.0,0.0
2017-07-12,12.480986851929174,12.59020850704722,12.411482850978413,12.530632972717285,548500,0.0,0.0
2017-07-13,12.480989011793794,12.679573529311764,12.461131128194692,12.659714698791504,817900,0.0,0.0
2017-07-14,12.669641465220515,12.729216050483773,12.58027864040467,12.590208053588867,440700,0.0,0.0
2017-07-17,12.600137230848729,12.679571593883635,12.560420522791782,12.580279350280762,493100,0.0,0.0
2017-07-18,12.560420036315916,12.610066156194517,12.480986623278548,12.560420036315918,677400,0.0,0.0
2017-07-19,12.580279639731415,12.798722012531112,12.560420811785518,12.749075889587402,780500,0.0,0.0
2017-07-20,12.76893542588946,12.76893542588946,12.62992739993227,12.659714698791504,625700,0.0,0.0
2017-07-21,12.729216549204237,12.73914596277746,12.610066427088558,12.64978313446045,480500,0.0,0.0
2017-07-24,12.629924744546011,12.68949932973918,12.540561919835298,12.550491333007812,711600,0.0,0.0
2017-07-25,12.600137230848729,12.659712766394655,12.510775347911359,12.580279350280762,1014800,0.0,0.0
2017-07-26,12.619997043384219,12.788793302531788,12.619997043384219,12.699430465698242,633900,0.0,0.0
2017-07-27,12.729216508948742,12.739145922490563,12.500845679012816,12.530632972717285,425900,0.0,0.0
2017-07-28,12.480986851929174,12.560420266421756,12.441270144682882,12.530632972717285,396900,0.0,0.0
2017-07-31,12.560421011944994,12.649783845283526,12.421413001792658,12.639854431152344,549200,0.0,0.0
2017-08-01,12.759006005894301,12.778863888012264,12.590209746746732,12.699430465698242,742100,0.0,0.0
2017-08-02,12.679571815017182,12.679571815017182,12.40155390684887,12.510775566101074,602000,0.0,0.0
2017-08-03,12.610068523345898,12.610068523345898,12.33205152552599,12.381697654724121,1091800,0.0,0.0
2017-08-04,12.89801395790265,13.602986287655261,12.808651121509616,13.404402732849121,3842400,0.0,0.0
2017-08-07,13.017165125865764,13.215749643383734,12.659714698791504,12.659714698791504,1516400,0.0,0.0
2017-08-08,12.65971404689869,13.215748962858743,12.610067920075648,12.947660446166992,1380400,0.0,0.0
2017-08-09,12.878157615661621,12.977448931475934,12.73914863721615,12.878157615661621,1060000,0.0,0.0
2017-08-10,12.848366444898588,12.937729271640794,12.659712324936915,12.679571151733398,686900,0.0,0.0
2017-08-11,12.659712066836372,12.788791597618944,12.610065947778311,12.629924774169922,564100,0.0,0.0
2017-08-14,12.72921874375423,12.868227716981858,12.639855900030836,12.858298301696777,621800,0.0,0.0
2017-08-15,12.868225222026453,12.868225222026453,12.550491569876979,12.560420036315918,821000,0.0,0.0
2017-08-16,12.570351435440374,12.937731265504205,12.570351435440374,12.91787338256836,1174200,0.0,0.0
2017-08-17,12.907943483159315,13.00723573487513,12.808651231443498,12.898014068603516,870100,0.0,0.0
2017-08-18,12.818518500018278,13.00731892116964,12.739023885107356,12.8980131149292,835900,0.01,0.0
2017-08-21,12.888076135790698,13.007318050172394,12.828454704774602,12.987443923950195,563800,0.0,0.0
2017-08-22,13.057002663398064,13.196117758965215,13.017255357857374,13.12656021118164,1008400,0.0,0.0
2017-08-23,13.057004119049468,13.126561674587622,12.917888060322541,13.106687545776367,926800,0.0,0.0
2017-08-24,13.235866618679553,13.255740747608801,13.146434933799185,13.19611930847168,879100,0.0,0.0
2017-08-25,13.414728895625329,13.55384494384527,13.345171345340631,13.404791831970215,1088400,0.0,0.0
2017-08-28,13.404791999929866,13.593592421140462,13.38491882002118,13.58365535736084,1402900,0.0,0.0
2017-08-29,13.484285446344057,13.663148788275082,13.444538142320548,13.57371711730957,846100,0.0,0.0
2017-08-30,13.57371815587103,13.673086897358008,13.514097669099284,13.6631498336792,739100,0.0,0.0
2017-08-31,13.812201432661084,14.030812086390183,13.802265317039701,13.851948738098145,1339600,0.0,0.0
2017-09-01,13.812202223223073,13.82213928706373,13.61346568466278,13.673087120056152,540800,0.0,0.0
2017-09-05,13.653210320565153,13.712831744291153,13.424663582857985,13.553842544555664,620500,0.0,0.0
2017-09-06,13.593592800679769,13.822139588088866,13.533971363987934,13.772455215454102,1184600,0.0,0.0
2017-09-07,13.76251716386763,13.861884947514234,13.633338192241636,13.643274307250977,950900,0.0,0.0
2017-09-08,13.683022557890164,13.692958672899508,13.52403239828478,13.643274307250977,525000,0.0,0.0
2017-09-11,13.702899712027826,13.881763101207031,13.633342148525127,13.692962646484375,677300,0.0,0.0
2017-09-12,13.69296176670345,13.911572456359862,13.67308858454414,13.911572456359863,847600,0.0,0.0
2017-09-13,13.911571653215784,14.02087651790826,13.881761407872494,13.96125602722168,720800,0.0,0.0
2017-09-14,13.971193602225647,14.030814095091467,13.861887785887232,13.94138240814209,984600,0.0,0.0
2017-09-15,14.040749981278424,14.040749981278424,13.851949558532077,13.931445121765137,968100,0.0,0.0
2017-09-18,13.991065609626723,13.991065609626723,13.762518826739699,13.931445121765137,878800,0.0,0.0
2017-09-19,13.971192221842054,14.070560016017552,13.951318094416623,14.050686836242676,606800,0.0,0.0
2017-09-20,14.060623899812907,14.090435092959952,13.881761479183725,13.9215087890625,1036600,0.0,0.0
2017-09-21,13.931445853444849,14.010940473202401,13.84201416930495,13.9215087890625,579600,0.0,0.0
2017-09-22,13.941382483405224,14.060624417431242,13.931446366307712,14.030814170837402,417500,0.0,0.0
2017-09-25,14.020875317676396,14.050686508118366,13.752581237252386,13.822138786315918,723900,0.0,0.0
2017-09-26,13.861886092588014,13.861886092588014,13.71283393098029,13.822138786315918,1177100,0.0,0.0
2017-09-27,13.901635391454873,14.120246081111286,13.891698326549884,13.911572456359863,1411700,0.0,0.0
2017-09-28,13.951315915537448,14.159989482661635,13.951315915537448,14.08049488067627,3340400,0.0,0.0
2017-09-29,14.130182133607958,14.398476233265072,14.120245069414946,14.338855743408203,1785100,0.0,0.0
2017-10-02,14.398475812715695,14.57733917236328,14.348791440852414,14.577339172363281,1297000,0.0,0.0
2017-10-03,14.61708691665125,14.656834225798237,14.37860306176932,14.468034744262695,1427000,0.0,0.0
2017-10-04,14.438223107615007,14.487907479433344,14.378602619553462,14.448160171508789,2499700,0.0,0.0
2017-10-05,14.477970428636716,14.60714941642102,14.368665568657955,14.577339172363281,1363300,0.0,0.0
2017-10-06,14.547528985584433,14.547528985584433,14.328918317115587,14.40841293334961,908600,0.0,0.0
2017-10-09,14.408412251988151,14.458096621697527,14.20967572080118,14.249423027038574,419000,0.0,0.0
2017-10-10,14.34879043684278,14.34879043684278,14.130180732181756,14.189801216125488,493700,0.0,0.0
2017-10-11,14.159991763906499,14.189802007540987,13.941381099402276,14.010939598083496,588500,0.0,0.0
2017-10-12,14.030814392267724,14.090435834046989,13.891698326549884,13.911572456359863,639200,0.0,0.0
2017-10-13,13.951317407949427,13.99106471319399,13.85194867101276,13.891695976257324,438400,0.0,0.0
2017-10-16,13.911570994044231,13.98112854576627,13.832076378461737,13.931445121765137,289100,0.0,0.0
2017-10-17,13.93144484637964,14.199738931754492,13.911570719051587,14.090434074401855,497100,0.0,0.0
2017-10-18,14.169928550720215,14.398475326868667,14.110307116965966,14.169928550720215,501700,0.0,0.0
2017-10-19,14.15005353712611,14.24942227127452,14.070558928867575,14.130180358886719,429300,0.0,0.0
2017-10-20,14.269295409149905,14.378601205934055,14.219611989866722,14.29910659790039,422900,0.0,0.0
2017-10-23,14.26929745533835,14.428287641855034,14.1997399002471,14.219614028930664,633400,0.0,0.0
2017-10-24,14.31898182939665,14.388539384487903,14.169929654872364,14.219614028930664,885300,0.0,0.0
2017-10-25,14.189802676388735,14.219613869078959,13.76251933865219,14.040750503540039,1096200,0.0,0.0
2017-10-26,14.855568188434967,15.53127327409222,14.309042071956334,14.696578979492188,2309300,0.0,0.0
2017-10-27,14.716456405161358,14.736329586911305,13.921509234499826,14.328919410705566,1162900,0.0,0.0
2017-10-30,14.269295781852778,14.458096191601916,13.991064646467764,14.35872745513916,1332900,0.0,0.0
2017-10-31,14.378603052529648,14.428287425844108,14.25936112516531,14.338855743408203,965600,0.0,0.0
2017-11-01,14.487908132604502,14.487908132604502,14.179866719214147,14.219614028930664,914900,0.0,0.0
2017-11-02,14.199736720467074,14.279231322098699,14.020873392970719,14.12024211883545,576100,0.0,0.0
2017-11-03,14.150053351535831,14.16992747716504,13.911569529888148,13.951316833496094,831100,0.0,0.0
2017-11-06,13.951315915537448,14.17986360698318,13.951315915537448,14.08049488067627,1337700,0.0,0.0
2017-11-07,14.110307576875012,14.110307576875012,13.573718446199432,13.633339881896973,1047000,0.0,0.0
2017-11-08,13.553844573074153,13.95131763190016,13.514097267191552,13.901633262634277,884600,0.0,0.0
2017-11-09,13.752581527422953,13.812202014263784,13.593592298980003,13.792328834533691,541200,0.0,0.0
2017-11-10,13.732709078672736,14.060624639332023,13.732709078672736,13.911572456359863,501500,0.0,0.0
2017-11-13,13.842015417023289,13.961257357408076,13.752583724822022,13.762520790100098,937700,0.0,0.0
2017-11-14,13.702897662355783,13.812202524031797,13.583655736622699,13.772455215454102,455000,0.0,0.0
2017-11-15,13.683022874286749,13.81220090124931,13.533969773894562,13.742643356323242,520600,0.0,0.0
2017-11-16,13.762519179946366,13.95131865988757,13.742645051715403,13.861886978149414,511000,0.0,0.0
2017-11-17,13.85194935259057,14.110307323217862,13.802265929328097,14.050686836242676,422300,0.0,0.0
2017-11-20,14.080496231528198,14.328917123478023,14.030811863608132,14.269295692443848,526200,0.0,0.0
2017-11-21,14.328958137046905,14.498002134431,14.219577117455787,14.468171119689941,913400,0.01,0.0
2017-11-22,14.50794669609023,14.567608727932743,14.22952166809974,14.259352684020996,433900,0.0,0.0
2017-11-24,14.309070744518623,14.309070744518623,14.14002675145212,14.249407768249512,383400,0.0,0.0
2017-11-27,14.328959148168401,14.328959148168401,14.100253105163574,14.100253105163574,716600,0.0,0.0
2017-11-28,14.130085348133857,14.358791410984427,14.020704311332848,14.33890438079834,886300,0.0,0.0
2017-11-29,14.378678406616709,14.49800342450972,14.289184406119213,14.348847389221191,556200,0.0,0.0
2017-11-30,14.408509201818951,14.488059212520888,14.33890317953249,14.428397178649902,710100,0.0,0.0
2017-12-01,14.328960287873578,14.368735296268975,13.831772208775613,14.0405912399292,1073300,0.0,0.0
2017-12-04,14.189747509278336,14.68693556303058,14.189747509278336,14.637216567993164,1986600,0.0,0.0
2017-12-05,14.657103589536533,14.657103589536533,14.080365523343332,14.299128532409668,985600,0.0,0.0
2017-12-06,14.269296672098381,14.348846680095663,14.239464707866226,14.259352684020996,523000,0.0,0.0
2017-12-07,14.279241194633173,14.488060224387707,14.249410175614239,14.408510208129883,723800,0.0,0.0
2017-12-08,14.428396384966845,14.468171388129853,14.358789418198421,14.368733406066895,722600,0.0,0.0
2017-12-11,14.418452506224362,14.498002513152453,14.289183507888492,14.328958511352539,496800,0.0,0.0
2017-12-12,14.35879044562202,14.388622411362022,13.980928362691474,14.000815391540527,905600,0.0,0.0
2017-12-13,13.961041196231454,14.149972248667714,13.961041196231454,14.050535202026367,488000,0.0,0.0
2017-12-14,14.319016726426534,14.91564281849057,14.25935468620675,14.55766773223877,1344200,0.0,0.0
2017-12-15,14.577551498697497,14.76648346314727,14.478114471159929,14.706820487976074,1317800,0.0,0.0
2017-12-18,14.81620276785279,14.905696764095683,14.577552743412337,14.597440719604492,533800,0.0,0.0
2017-12-19,14.607384767119779,14.676991740283444,14.3389037081801,14.577553749084473,1061700,0.0,0.0
2017-12-20,14.657102803412315,15.08468480994731,14.657102803412315,14.92558479309082,800000,0.0,0.0
2017-12-21,14.955415080339721,15.26367205920982,14.955415080339721,15.19406509399414,836800,0.0,0.0
2017-12-22,15.28356043926071,15.28356043926071,15.005135398681317,15.054854393005371,433200,0.0,0.0
2017-12-26,15.0250245640084,15.03496855394945,14.776430505348566,14.975306510925293,446800,0.0,0.0
2017-12-27,14.189747553965155,14.647159654479202,13.86160256500919,13.941153526306152,2733700,0.0,0.0
2017-12-28,13.851659413874028,14.209634469449009,13.821827448009568,13.980928421020508,1044800,0.0,0.0
2017-12-29,14.02070186188052,14.050532876103603,13.712444887205846,13.85165786743164,922500,0.0,0.0
2018-01-02,13.921263267389058,13.921263267389058,13.59311928052261,13.72238826751709,1235200,0.0,0.0
2018-01-03,13.782050374133927,13.861600374549154,13.63289436043308,13.692557334899902,845000,0.0,0.0
2018-01-04,13.772108372322965,13.782051411890452,13.44396435882397,13.662726402282715,747600,0.0,0.0
2018-01-05,13.762165303497206,14.030646355966354,13.50362729125955,14.020703315734863,1093900,0.0,0.0
2018-01-08,14.04059034450879,14.100253327452457,13.742277326412335,14.020703315734863,810900,0.0,0.0
2018-01-09,14.010758391538438,14.050533394741018,13.65278241440435,13.662726402282715,695100,0.0,0.0
2018-01-10,13.59311956554808,13.75221956878172,13.414131587754822,13.613006591796875,798800,0.0,0.0
2018-01-11,13.672669262383733,14.15991324850318,13.672669262383733,14.090307235717773,893500,0.0,0.0
2018-01-12,14.130083818454937,14.229521803553562,13.980927789117908,14.209633827209473,837000,0.0,0.0
2018-01-16,14.239463267184208,14.2991262413012,13.672669280471396,13.72238826751709,721400,0.0,0.0
2018-01-17,13.742275172849189,14.219576116667483,13.722388147191772,14.130082130432129,689200,0.0,0.0
2018-01-18,14.070420760378548,14.110195764537144,13.86160175146819,13.891433715820312,457600,0.0,0.0
2018-01-19,13.911322751187406,14.517892837524416,13.911322751187406,14.517892837524414,918700,0.0,0.0
2018-01-22,14.557666209690696,14.557666209690696,14.328959217271969,14.418453216552734,1011800,0.0,0.0
2018-01-23,14.378678295443612,14.468172295249156,14.21957827281639,14.388622283935547,586600,0.0,0.0
2018-01-24,14.428397907035091,14.617328954912216,14.249409899764464,14.50794792175293,1453700,0.0,0.0
2018-01-25,14.726709133977613,15.18412213677781,14.617327165894629,15.164234161376953,1536300,0.0,0.0
2018-01-26,15.313390841296213,15.373053821750235,15.164234812627518,15.273615837097168,1278100,0.0,0.0
2018-01-29,15.263672116005246,15.402884150332895,15.094628118626646,15.174178123474121,916700,0.0,0.0
2018-01-30,15.01507966333056,15.134404682916076,14.925585661563684,14.955416679382324,839200,0.0,0.0
2018-01-31,15.034964537622804,15.054852512192184,14.686933517456055,14.686933517456055,811900,0.0,0.0
2018-02-01,14.617328123505752,14.846035114044346,14.517891084919736,14.806260108947754,757500,0.0,0.0
2018-02-02,14.716767232362196,14.776429270400065,14.358791210890995,14.408510208129883,625000,0.0,0.0
2018-02-05,14.348844946108942,14.527831968317686,14.140025963273088,14.18974494934082,1165200,0.0,0.0
2018-02-06,13.970984848252025,14.597441925388246,13.88149084461671,14.50794792175293,1005100,0.0,0.0
2018-02-07,14.75653953182724,14.995189536794866,14.507945539574923,14.686933517456055,1287400,0.0,0.0
2018-02-08,15.860298553234847,15.860298553234847,14.776428456065737,15.034966468811035,2438800,0.0,0.0
2018-02-09,15.094628408176787,15.154290438801418,14.35878942675625,14.716765403747559,1825100,0.0,0.0
2018-02-12,14.756541127916568,15.313391199737424,14.5178910971362,15.144347190856934,1670200,0.0,0.0
2018-02-13,15.094597244700383,15.223951190605572,15.024945484956843,15.044845581054688,1093800,0.01,0.0
2018-02-14,14.965242769743599,15.462757490744295,14.806038210852819,15.413005828857422,756400,0.0,0.0
2018-02-15,15.552308459499468,15.930419716771308,15.422954533411689,15.830916404724121,1169000,0.0,0.0
2018-02-16,15.820966059199632,15.830916580301492,15.592109767460379,15.681662559509277,530100,0.0,0.0
2018-02-20,15.592112051837224,15.701564953191701,15.363254777634513,15.383155822753906,1124000,0.0,0.0
2018-02-21,15.452807501090534,15.761267056271587,15.383155741409094,15.542360305786133,833500,0.0,0.0
2018-02-22,15.602061724599068,15.631912341718222,15.36325394084381,15.393105506896973,534900,0.0,0.0
2018-02-23,15.522460481696456,15.532410055443819,15.323453823804034,15.482659339904785,821700,0.0,0.0
2018-02-26,15.482657904054662,15.791116487100368,15.462756860537398,15.77121639251709,773800,0.0,0.0
2018-02-27,15.84086899004733,15.990123028634514,15.512509346008299,15.5125093460083,603300,0.0,0.0
2018-02-28,15.552308249749224,15.671711653235137,15.403053283691408,15.403053283691406,750900,0.0,0.0
2018-03-01,15.442857395349959,15.711514851244642,15.35330459374039,15.413005828857422,840800,0.0,0.0
2018-03-02,15.283650255840163,15.721463694982795,15.134396235047948,15.681662559509277,790300,0.0,0.0
2018-03-05,15.621962467188377,15.910520975124186,15.602062371262138,15.781167030334473,702800,0.0,0.0
2018-03-06,15.79111518553266,16.06972312927246,15.711512915892719,16.06972312927246,1024700,0.0,0.0
2018-03-07,15.980172350395387,16.10952724101182,15.771217077986144,16.079675674438477,767600,0.0,0.0
2018-03-08,16.0995772989072,16.119478344006485,15.860769502386065,15.880670547485352,418700,0.0,0.0
2018-03-09,15.920470652400372,15.940371696204192,15.701563915228348,15.791116714477539,1044600,0.0,0.0
2018-03-12,15.801067656559297,16.039875443885485,15.741365472494245,15.910520553588867,767200,0.0,0.0
2018-03-13,16.019974554887945,16.159278070833768,15.830918427627141,15.840868949890137,806700,0.0,0.0
2018-03-14,15.870718991824821,15.880669513726732,15.671713298456616,15.791116714477539,637400,0.0,0.0
2018-03-15,15.850818668718174,15.850818668718174,15.681663594557373,15.77121639251709,401000,0.0,0.0
2018-03-16,15.81101696799287,15.990121608604996,15.731414694624382,15.970220565795898,1298300,0.0,0.0
2018-03-19,15.930421444801276,16.22892951545526,15.820967599889736,15.980172157287598,972100,0.0,0.0
2018-03-20,16.000074869183138,16.27868382260397,15.990124346075085,16.20903205871582,753900,0.0,0.0
2018-03-21,16.268734765480023,16.41798882981374,16.199082995315514,16.33838653564453,1213600,0.0,0.0
2018-03-22,16.21897999273124,16.507539456962228,16.149328231811523,16.149328231811523,780000,0.0,0.0
2018-03-23,16.179177824135667,16.41798464578475,16.179177824135667,16.308530807495117,1087400,0.0,0.0
2018-03-26,16.447836911677413,16.587140422446907,16.21897870386868,16.368234634399414,740700,0.0,0.0
2018-03-27,16.417984528583855,16.59709011800909,16.248829460556458,16.298580169677734,841200,0.0,0.0
2018-03-28,16.258778597101006,16.49758539670481,16.169225810016115,16.179176330566406,985000,0.0,0.0
2018-03-29,16.288633231167427,16.42793674941193,16.258781663885852,16.278682708740234,1003400,0.0,0.0
2018-04-02,16.238878543161483,16.348332378000656,15.970220165575068,16.09957504272461,861100,0.0,0.0
2018-04-03,16.16922632979669,16.427934178817573,16.03987335422015,16.388132095336914,821300,0.0,0.0
2018-04-04,16.25878008519771,16.666741975760015,16.11947658047924,16.636890411376953,652000,0.0,0.0
2018-04-05,16.756296080784523,16.91550064086914,16.666743278503418,16.91550064086914,723300,0.0,0.0
2018-04-06,16.87569478763527,17.154303654571113,16.517485556280768,16.75629234313965,1214000,0.0,0.0
2018-04-09,16.77619681297764,16.77619681297764,16.497587889081764,16.557289123535156,764000,0.0,0.0
2018-04-10,16.73639613688837,16.885650184549103,16.666744374504574,16.845849990844727,758500,0.0,0.0
2018-04-11,16.91549896074237,17.283660655538036,16.815995646105602,17.26375961303711,1071800,0.0,0.0
2018-04-12,17.28366122790337,17.323461416355375,16.995101795687614,17.31351089477539,1415300,0.0,0.0
2018-04-13,17.31351055495803,17.40306334955228,17.174207051308258,17.283660888671875,1266700,0.0,0.0
2018-04-16,17.343361358873594,17.413013107645323,17.233907526307835,17.383161544799805,608300,0.0,0.0
2018-04-17,17.552317470815716,17.661771308779404,17.39311292352376,17.62196922302246,737300,0.0,0.0
2018-04-18,16.965250041497075,17.005052127372547,16.268730619487563,16.308530807495117,2267700,0.0,0.0
2018-04-19,16.2687333136693,16.437888410917136,16.039876975589358,16.378185272216797,958900,0.0,0.0
2018-04-20,16.408035162601458,16.756295844577792,16.358284449976853,16.39808464050293,968600,0.0,0.0
2018-04-23,16.417983779253152,16.746343378923502,16.36823307240254,16.726442337036133,965100,0.0,0.0
2018-04-24,16.935400598209032,17.015002873141416,16.597090455279417,16.65679168701172,1068500,0.0,0.0
2018-04-25,16.616989135742188,16.736391582229192,16.50753531157271,16.616989135742188,895600,0.0,0.0
2018-04-26,16.716495513916016,16.875700088496682,16.537391790913937,16.716495513916016,903100,0.0,0.0
2018-04-27,17.74137633799372,18.358295477970103,17.74137633799372,17.860780715942383,2964800,0.0,0.0
2018-04-30,17.960281921851106,17.960281921851106,17.134407503293332,17.174209594726562,1619600,0.0,0.0
2018-05-01,16.91549947185371,17.214007526915722,16.865748761966017,17.14435577392578,1486800,0.0,0.0
2018-05-02,17.134407273641916,17.24386112574812,16.975202705779154,17.154308319091797,867000,0.0,0.0
2018-05-03,17.184159086463033,17.204060130985503,16.905550156752653,17.08465576171875,817300,0.0,0.0
2018-05-04,17.064755741153352,17.214009788291616,16.955303785448322,17.174209594726562,611100,0.0,0.0
2018-05-07,17.26376377530212,17.48266960198654,17.05480657439889,17.4627685546875,797500,0.0,0.0
2018-05-08,17.422962834027988,17.76127293937748,17.35331108843269,17.641868591308594,810900,0.0,0.0
2018-05-09,17.701574741439,18.099586139953356,17.621970563868075,18.069734573364258,912500,0.0,0.0
2018-05-10,18.258790582464012,18.258790582464012,17.960280612088305,18.059783935546875,794200,0.0,0.0
2018-05-11,18.01998358765361,18.039882733877263,17.84087798656455,17.880678176879883,488500,0.0,0.0
2018-05-14,17.890629694566364,17.910530739765566,17.711524083509808,17.801076889038086,561000,0.0,0.0
2018-05-15,17.80107757803395,17.900580910013137,17.711524769039507,17.860780715942383,421600,0.0,0.0
2018-05-16,17.850828215361595,18.139385758478486,17.80107560594972,18.019983291625977,625600,0.0,0.0
2018-05-17,18.05978174783023,18.228936807858364,17.99012999920708,18.199087142944336,395400,0.0,0.0
2018-05-18,18.21898588262111,18.348340753937332,18.209035361914648,18.328439712524414,493300,0.0,0.0
2018-05-21,18.418043528690777,18.706759717098496,18.328442083936586,18.647024154663086,703300,0.01,0.0
2018-05-22,18.647024268116585,18.706759830915445,18.38817585935167,18.517601013183594,1063200,0.0,0.0
2018-05-23,18.477778345417832,18.59724757884576,18.378220967377736,18.497690200805664,789100,0.0,0.0
2018-05-24,18.48773489470625,18.80631699602669,18.437957153462094,18.776451110839844,1275100,0.0,0.0
2018-05-25,18.78640734350962,18.975564282424067,18.78640734350962,18.915830612182617,752300,0.0,0.0
2018-05-29,18.86604861683539,19.204542503389703,18.856092690889824,19.124895095825195,977100,0.0,0.0
2018-05-30,19.32401105313903,19.40365656689993,18.915827557752078,19.065162658691406,1019100,0.0,0.0
2018-05-31,19.104986834330703,19.134852715912917,18.796358799389374,18.856094360351562,776000,0.0,0.0
2018-06-01,18.915827557752078,19.11494229160374,18.786404309977684,19.065162658691406,875000,0.0,0.0
2018-06-04,19.304099787530532,19.483302673671634,19.21449834445998,19.254322052001953,1050700,0.0,0.0
2018-06-05,19.254324629186126,19.642596335195947,19.12489946125009,19.622684478759766,1311400,0.0,0.0
2018-06-06,19.622684478759766,19.702331904504494,19.543038951914184,19.622684478759766,866800,0.0,0.0
2018-06-07,19.64259272437036,19.74215008935086,19.343922528327656,19.363834381103516,770800,0.0,0.0
2018-06-08,19.363834754666176,19.851663763693036,19.363834754666176,19.811840057373047,729800,0.0,0.0
2018-06-11,19.841707127976996,20.09059958688509,19.752105690858183,19.97113037109375,860100,0.0,0.0
2018-06-12,19.95122110926879,20.200113576806185,19.861619669043424,20.030866622924805,653200,0.0,0.0
2018-06-13,20.040820468244362,20.130421907654448,19.95122092773309,20.070688247680664,549700,0.0,0.0
2018-06-14,20.48882836199055,20.618251612817758,20.130422592163086,20.130422592163086,821700,0.0,0.0
2018-06-15,20.001001977142433,20.329540009813947,20.001001977142433,20.279762268066406,1008100,0.0,0.0
2018-06-18,20.18020542614175,20.508743467612224,20.1105158262691,20.46891975402832,707200,0.0,0.0
2018-06-19,20.30962396112611,20.578428268432617,20.229978451431446,20.578428268432617,542500,0.0,0.0
2018-06-20,20.658072121530513,20.727761699562507,20.359401958850952,20.628204345703125,569400,0.0,0.0
2018-06-21,20.5485653531374,20.6182549532503,20.180205495712297,20.249895095825195,1628100,0.0,0.0
2018-06-22,20.31958013384852,20.31958013384852,19.632636417581917,19.662504196166992,2263900,0.0,0.0
2018-06-25,19.473345791053156,19.622680889208556,19.07511822967249,19.144807815551758,2109600,0.0,0.0
2018-06-26,19.224454271345476,19.44348086502855,19.194588389587885,19.254322052001953,1041300,0.0,0.0
2018-06-27,19.254319100873072,19.35387645556986,19.045248466119954,19.055204391479492,1204200,0.0,0.0
2018-06-28,18.995472717396357,19.144807815551758,18.826225766447223,19.144807815551758,1366000,0.0,0.0
2018-06-29,19.274233163224412,19.324010896835283,18.846137818135208,18.88595962524414,810600,0.0,0.0
2018-07-02,18.84613591130106,19.32400894165039,18.666933050195404,19.32400894165039,989000,0.0,0.0
2018-07-03,19.333964604850784,19.403654183468955,19.045248466119954,19.055204391479492,294300,0.0,0.0
2018-07-05,19.164720025617235,19.244365539378133,18.786404309977684,19.065162658691406,611900,0.0,0.0
2018-07-06,19.104985655655984,19.22445297241211,19.02534014485231,19.22445297241211,687300,0.0,0.0
2018-07-09,19.25432161880017,19.333967133193287,19.144808324422563,19.244365692138672,694300,0.0,0.0
2018-07-10,19.29414294004147,19.393700305247222,18.85609357137425,18.925783157348633,666200,0.0,0.0
2018-07-11,18.826225965131336,18.935739257753823,18.726668599010782,18.88595962524414,685800,0.0,0.0
2018-07-12,18.975563779814912,18.995475635667702,18.32844365579204,18.507646560668945,1193900,0.0,0.0
2018-07-13,18.49769124493952,18.617160485111093,18.368267975411207,18.477779388427734,1171600,0.0,0.0
2018-07-16,18.48773071495945,18.617155851172104,18.48773071495945,18.54746437072754,879600,0.0,0.0
2018-07-17,18.567380785955457,18.836185151329243,18.497691187280584,18.696805953979492,465800,0.0,0.0
2018-07-18,18.686848366105156,18.77644981327191,18.527557326452925,18.74658203125,956600,0.0,0.0
2018-07-19,18.74658203125,18.87600528888032,18.61715877361968,18.74658203125,617000,0.0,0.0
2018-07-20,18.77644676429056,19.15476244730772,18.676889405949623,19.114940643310547,957900,0.0,0.0
2018-07-23,19.1149433030242,19.3638357840589,19.015385930830536,19.264278411865234,1641400,0.0,0.0
2018-07-24,19.324009032982747,19.423566389500724,18.826224149291487,18.97555923461914,1487900,0.0,0.0
2018-07-25,18.905872206605242,19.27423390577294,18.86605039796216,19.254322052001953,569400,0.0,0.0
2018-07-26,19.164720998846427,19.543036733697736,19.1149432623051,19.48330307006836,611700,0.0,0.0
2018-07-27,19.493258347721824,19.672461231538595,19.035297110322404,19.204544067382812,765600,0.0,0.0
2018-07-30,19.2045437319471,19.42356842006486,19.005428998095443,19.065162658691406,1218400,0.0,0.0
2018-07-31,19.11494046444187,19.31405328036187,18.72666696043536,19.154762268066406,1334900,0.0,0.0
2018-08-01,19.095029216887216,19.204542503389703,18.706757599503796,19.124895095825195,1898500,0.0,0.0
2018-08-02,19.095033523477795,19.662508138069093,18.92578654202959,19.533084869384766,1405200,0.0,0.0
2018-08-03,21.534175947256184,23.49544985150478,21.41470862349519,21.623777389526367,5150700,0.0,0.0
2018-08-06,22.10165311578702,22.211164516390923,21.76315918905,21.99213981628418,2614200,0.0,0.0
2018-08-07,22.221119969530683,22.320677339782478,21.50431032173575,21.67355728149414,1742700,0.0,0.0
2018-08-08,21.703421586279106,21.8726685337393,21.335061811682582,21.81293487548828,1294000,0.0,0.0
2018-08-09,21.812936640560075,22.20120829895825,21.812936640560075,22.161386489868164,950600,0.0,0.0
2018-08-10,22.10162561085947,22.410390458580366,21.972142291015253,22.260988235473633,905000,0.01,0.0
2018-08-13,22.280907809232882,22.320747513312263,22.09166399053717,22.23110580444336,983500,0.0,0.0
2018-08-14,22.31078603031755,22.679313248878096,22.161383822699218,22.529911041259766,1322600,0.0,0.0
2018-08-15,22.380508196375402,22.559791615531648,22.251026782402697,22.39046859741211,1183400,0.0,0.0
2018-08-16,22.450233915008333,22.619555055333407,22.330710986820197,22.430313110351562,726000,0.0,0.0
2018-08-17,22.390471501038018,22.509994429226154,22.340671389148582,22.430313110351562,1097300,0.0,0.0
2018-08-20,22.559793018099217,22.709195243433843,22.320749077613346,22.579713821411133,666500,0.0,0.0
2018-08-21,22.589674020081027,22.878518066498824,22.490071904168826,22.83867835998535,1642400,0.0,0.0
2018-08-22,22.778914109027777,22.86855390889833,22.310784811053797,22.500028610229492,994500,0.0,0.0
2018-08-23,22.529912627568937,22.529912627568937,22.161385383060747,22.460189819335938,812300,0.0,0.0
2018-08-24,22.659393439993348,23.037879175847316,22.569751731547264,22.988079071044922,1291500,0.0,0.0
2018-08-27,23.008000378617226,23.127521392671106,22.749035648497458,22.79883575439453,659400,0.0,0.0
2018-08-28,22.758997107037462,22.838678420026227,22.41039065030448,22.669355392456055,669000,0.0,0.0
2018-08-29,22.719154960502223,22.719154960502223,22.41039011748091,22.609594345092773,919700,0.0,0.0
2018-08-30,22.619553046491934,22.659394652267146,22.300827799299537,22.350629806518555,539600,0.0,0.0
2018-08-31,22.360591294618352,22.76895827489803,22.360591294618352,22.71915626525879,803600,0.0,0.0
2018-09-04,22.689273112563217,22.908396218569212,22.5199501080011,22.88847541809082,758200,0.0,0.0
2018-09-05,22.88847840877913,23.087682640087547,22.62951366797912,23.00800132751465,811800,0.0,0.0
2018-09-06,23.047841033924925,23.376526685757177,22.988080524433336,23.00800132751465,975900,0.0,0.0
2018-09-07,22.94824064946853,23.207203488614116,22.80879692867591,22.8486385345459,694400,0.0,0.0
2018-09-10,22.858597164446312,23.257003693507563,22.858597164446312,23.177322387695312,960800,0.0,0.0
2018-09-11,23.037880348090688,23.266965781194102,23.037880348090688,23.187284469604492,665000,0.0,0.0
2018-09-12,23.21716606630044,23.40640991241664,22.938282398079206,23.336688995361328,688800,0.0,0.0
2018-09-13,23.396448807277775,23.695255171078774,23.10760474533117,23.117563247680664,810900,0.0,0.0
2018-09-14,23.097643517470054,23.33668746011337,22.96816019452635,23.237085342407227,730800,0.0,0.0
2018-09-17,23.247041769663905,23.33668347029838,22.838674866663336,22.908395767211914,1017500,0.0,0.0
2018-09-18,22.97811912303107,23.057800432136744,22.65939388660837,22.968158721923828,1175800,0.0,0.0
2018-09-19,23.037880607326617,23.17732432899178,22.689276052544567,22.758996963500977,1418000,0.0,0.0
2018-09-20,22.838675541932602,23.017958948502404,22.71915263763536,22.878515243530273,1145200,0.0,0.0
2018-09-21,22.85859651535708,22.92831741849399,22.589671403470025,22.619550704956055,2840100,0.0,0.0
2018-09-24,22.679316082206725,23.535889732781296,22.51995345420437,23.406408309936523,2371500,0.0,0.0
2018-09-25,23.515969973960356,23.83469521837494,23.227124033864445,23.276926040649414,1508400,0.0,0.0
2018-09-26,23.28688487930793,23.794853957353126,23.227124370053303,23.595651626586914,584800,0.0,0.0
2018-09-27,24.103619981677365,24.322743108873603,23.90441575713367,24.04385757446289,1252100,0.0,0.0
2018-09-28,24.133499691998708,24.57174785352462,24.09365998627034,24.193262100219727,1264800,0.0,0.0
2018-10-01,24.292861676372162,24.312782478589288,23.91437593300808,24.053817749023438,1043600,0.0,0.0
2018-10-02,23.954216177905252,23.964176579238444,23.336686493265926,23.44624900817871,1066700,0.0,0.0
2018-10-03,23.53589104862047,24.033899763908483,23.406409618536678,23.764976501464844,844700,0.0,0.0
2018-10-04,23.705209127619185,23.774931928962467,23.356604619663205,23.39644432067871,804500,0.0,0.0
2018-10-05,23.426327851110916,23.476127957271167,22.918358789316795,23.127521514892578,728600,0.0,0.0
2018-10-08,23.097643041628203,23.10760344316886,22.64943447106043,23.00800132751465,892700,0.0,0.0
2018-10-09,23.037880716114742,23.336687064163375,22.978120206405954,23.087682723999023,1108500,0.0,0.0
2018-10-10,23.057801094368024,23.167363609942115,22.66935493879053,22.68927574157715,1448700,0.0,0.0
2018-10-11,22.609594056970725,23.19724443120955,22.569752452055145,22.788875579833984,996000,0.0,0.0
2018-10-12,23.12752038421754,23.326724598624256,22.96815777259304,23.177322387695312,915100,0.0,0.0
2018-10-15,23.17732406818675,23.306805487112744,22.89843852774695,23.187284469604492,758500,0.0,0.0
2018-10-16,23.25700457310631,24.023938357900384,23.187283665352712,23.974136352539062,936500,0.0,0.0
2018-10-17,24.193260738831217,24.282900546613966,23.585689587705918,23.834693908691406,1010300,0.0,0.0
2018-10-18,23.794852999819536,23.874534308870015,23.276925440867547,23.386486053466797,929500,0.0,0.0
2018-10-19,23.446246664252016,23.525927967199472,22.798833940582817,22.878515243530273,903500,0.0,0.0
2018-10-22,22.958200534407872,23.276927701313976,22.81875870496626,23.03788185119629,1720800,0.0,0.0
2018-10-23,22.709193611285922,22.73907481410618,21.314769775461738,21.982101440429688,1939700,0.0,0.0
2018-10-24,21.982102084533118,22.21118561361085,21.025926363294428,21.035886764526367,2957200,0.0,0.0
2018-10-25,22.509996411034642,22.719159179088216,21.055809838854284,21.434297561645508,2246800,0.0,0.0
2018-10-26,21.075725594177147,21.992061572174073,21.01596508902036,21.743057250976562,1861400,0.0,0.0
2018-10-29,21.91238188501754,21.91238188501754,20.786883105905396,21.006006240844727,1737500,0.0,0.0
2018-10-30,21.105606664613337,21.912380128316183,20.83668154346166,21.832698822021484,1277000,0.0,0.0
2018-10-31,22.061784690732384,22.091665896183674,21.255011141071492,21.31477165222168,1113100,0.0,0.0
2018-11-01,21.384490374785607,22.011982326722233,21.32472986975666,21.91238021850586,1746200,0.0,0.0
2018-11-02,21.99206138939761,22.002021790132993,21.37452984206913,21.583694458007812,893800,0.0,0.0
2018-11-05,21.58369698210613,21.832701330353892,21.434294753107952,21.7231388092041,870500,0.0,0.0
2018-11-06,21.68329687599517,22.08170341235257,21.444252954180726,22.07174301147461,757700,0.0,0.0
2018-11-07,22.17134623954186,22.59963400014984,22.131504634019116,22.440271377563477,892300,0.0,0.0
2018-11-08,22.41038899988248,22.440270202459786,21.67333643407883,21.822738647460938,751800,0.0,0.0
2018-11-09,21.77294096595261,22.071745425969734,21.48409500815062,21.63349723815918,1246000,0.0,0.0
2018-11-12,21.63349493428255,21.733097043598523,21.045844579045735,21.065765380859375,929400,0.0,0.0
2018-11-13,21.15540962889166,21.404413982197475,20.886484471380793,21.205211639404297,880700,0.0,0.0
2018-11-14,21.394452402703834,21.543854626514847,20.986085437735966,21.006006240844727,625500,0.0,0.0
2018-11-15,20.87652263817975,21.195249784354306,20.67732030904201,21.18528938293457,683400,0.0,0.0
2018-11-16,21.045843944787105,21.185287653527947,20.836681231304095,20.92632293701172,741900,0.0,0.0
2018-11-19,20.936287303017675,21.006008220717376,20.02991157341652,20.089672088623047,1119600,0.0,0.0
2018-11-20,19.691063346028557,19.691063346028557,18.654690690645474,19.01343536376953,2284100,0.01,0.0
2018-11-21,19.033368622961394,19.58144914716269,19.023403280614772,19.471834182739258,1207100,0.0,0.0
2018-11-23,19.312392088140406,19.50172980586875,19.2526019301664,19.292463302612305,387400,0.0,0.0
2018-11-26,19.422008961671793,19.681102180485617,19.172881085969443,19.292463302612305,1120700,0.0,0.0
2018-11-27,19.232669901146807,19.571483940502095,18.943682573870074,18.993507385253906,753500,0.0,0.0
2018-11-28,18.99350714086215,19.232669653677718,18.56500692597375,19.02340316772461,1594400,0.0,0.0
2018-11-29,18.913785873983535,19.1629137234323,18.784240228575825,18.844030380249023,998500,0.0,0.0
2018-11-30,18.136504798278608,18.136504798278608,15.555539659698868,17.070236206054688,6925700,0.0,0.0
2018-12-03,17.36919384819869,17.797694050414115,16.960624329968784,17.46884536743164,3229000,0.0,0.0
2018-12-04,17.33929711241463,17.43894862756822,16.43247193583665,16.70153045654297,2862700,0.0,0.0
2018-12-06,16.532122485425536,16.880901817745226,16.28299466243925,16.821109771728516,1475100,0.0,0.0
2018-12-07,16.83107871783096,17.080206594178698,16.452405182088132,16.542091369628906,946200,0.0,0.0
2018-12-10,16.53212424301764,16.631775762945374,16.093658695752413,16.372682571411133,902700,0.0,0.0
2018-12-11,16.581947574365106,16.741389231757502,16.282994941927985,16.552053451538086,898400,0.0,0.0
2018-12-12,16.73142709828179,16.940693577196086,16.68160038852032,16.781251907348633,1146600,0.0,0.0
2018-12-13,16.81114899771646,16.831077782188345,16.273031902385835,16.422508239746094,724300,0.0,0.0
2018-12-14,16.312892052396997,16.67163485508611,16.243134659532135,16.571983337402344,1140400,0.0,0.0
2018-12-17,15.9940069194718,15.9940069194718,15.386135318628154,15.475821495056152,1506700,0.0,0.0
2018-12-18,16.243134678337007,16.37268222168427,15.804670090784882,15.834566116333008,1999300,0.0,0.0
2018-12-19,15.844530814821184,15.894356574686121,15.176868103534073,15.256589889526367,1255800,0.0,0.0
2018-12-20,15.176866933040897,15.495751201374626,14.947669785824928,15.166902542114258,1655200,0.0,0.0
2018-12-21,15.216729850760748,15.296450688391605,14.73840387462825,14.748369216918945,2165500,0.0,0.0
2018-12-24,14.728438224515457,14.897845238527287,14.389624196491798,14.399589538574219,589200,0.0,0.0
2018-12-26,14.469345632298543,15.23665889745827,14.469345632298543,15.216729164123535,771300,0.0,0.0
2018-12-27,15.027391351020484,15.38613510131836,14.788228850821898,15.38613510131836,904100,0.0,0.0
2018-12-28,15.396101123098896,15.535613062883717,15.087183117618183,15.226694107055664,711000,0.0,0.0
2018-12-31,15.266554680853517,15.35624086088865,15.077217928827285,15.246624946594238,661100,0.0,0.0
2019-01-02,15.146973209054284,15.6252991789967,15.007462220179386,15.46585750579834,837700,0.0,0.0
2019-01-03,15.445926007143978,15.545577522812854,15.176867485046387,15.176867485046387,813000,0.0,0.0
2019-01-04,15.386135208986623,15.994006805498579,15.246624224734836,15.954147338867188,1238900,0.0,0.0
2019-01-07,15.914287259560302,16.1335200327685,15.774775322001023,15.87442684173584,769800,0.0,0.0
2019-01-08,16.083693294044988,16.312892359237196,15.844530787522139,16.302927017211914,879600,0.0,0.0
2019-01-09,16.302927197054093,16.54208970621521,16.143485524280017,16.51219367980957,912300,0.0,0.0
2019-01-10,16.41254247039236,16.442438497364932,16.08369377647285,16.243135452270508,801100,0.0,0.0
2019-01-11,16.282994668399013,16.352750154749593,16.13351835469142,16.273029327392578,565800,0.0,0.0
2019-01-14,16.183344379589894,16.31289192174965,16.093658204462248,16.123554229736328,575900,0.0,0.0
2019-01-15,16.163412610653783,16.412540435791016,16.11358780590412,16.412540435791016,904400,0.0,0.0
2019-01-16,16.45240457605303,16.880904811698233,16.372683734586115,16.462369918823242,977200,0.0,0.0
2019-01-17,16.462367606403237,17.000482735543766,16.452402265032827,16.90083122253418,735000,0.0,0.0
2019-01-18,16.950660952538897,17.090171955217407,16.801184606712653,16.920764923095703,671300,0.0,0.0
2019-01-22,16.900833027612197,16.900833027612197,16.302927687084996,16.452404022216797,890300,0.0,0.0
2019-01-23,16.54208995771313,16.69156629062456,16.40257706639373,16.4822998046875,663300,0.0,0.0
2019-01-24,16.56201903434428,16.72146069406286,16.472332863165768,16.522157669067383,612200,0.0,0.0
2019-01-25,16.691566036854073,16.92076320387998,16.43247284342253,16.51219367980957,604500,0.0,0.0
2019-01-28,16.41253980996164,16.452401172796982,16.10362185076532,16.33281898498535,624800,0.0,0.0
2019-01-29,16.292961798307882,16.292961798307882,15.804670489199703,15.824601173400879,723400,0.0,0.0
2019-01-30,15.914286627770124,16.342785864785025,15.64522810537602,16.22320556640625,680300,0.0,0.0
2019-01-31,16.233173370361328,16.422509188295972,15.964114807155426,16.233173370361328,1405100,0.0,0.0
2019-02-01,16.312891740537616,16.372681889727005,16.13351939227488,16.22320556640625,611200,0.0,0.0
2019-02-04,16.233169379285787,16.502225975646763,16.223204038576952,16.33281898498535,1496800,0.0,0.0
2019-02-05,16.422508315699208,16.512194498669107,16.123555639596056,16.183345794677734,514400,0.0,0.0
2019-02-06,16.253100367358922,16.462368749276624,16.043833886135875,16.372682571411133,1551300,0.0,0.0
2019-02-07,15.30641463793336,15.824601017904135,14.877915385639257,15.495752334594727,3084600,0.0,0.0
2019-02-08,15.35624130118062,15.35624130118062,14.927741073325684,15.11707878112793,1997000,0.0,0.0
2019-02-11,15.137008515958632,15.326346223760877,15.007462863690625,15.11707878112793,1653600,0.0,0.0
2019-02-12,15.156938699878724,15.615333989993724,15.156938699878724,15.485787391662598,1408700,0.0,0.0
2019-02-13,15.984364149020433,16.39319674922972,15.645331007362957,15.874676704406738,1947100,0.01,0.0
2019-02-14,16.13393672681823,16.13393672681823,15.56555883907623,15.874676704406738,1877300,0.0,0.0
2019-02-15,16.094050375464548,16.462997858164307,16.024249962988034,16.433082580566406,1715800,0.0,0.0
2019-02-19,16.363280439685195,16.81200004666385,16.323395309019535,16.692340850830078,1600100,0.0,0.0
2019-02-20,16.652456930598817,17.081231150533807,16.582654618502925,17.011430740356445,1648500,0.0,0.0
2019-02-21,16.961575974560777,17.141063852903024,16.732231197531803,16.861860275268555,1143600,0.0,0.0
2019-02-22,16.96157469515995,17.011431590086,16.81200210846317,16.951602935791016,829100,0.0,0.0
2019-02-25,17.03137271837785,17.310576235764433,16.961572314510793,17.121116638183594,1289800,0.0,0.0
2019-02-26,17.001459762827423,17.11114721352909,16.81200204133006,16.82197380065918,815000,0.0,0.0
2019-02-27,16.821971780861574,17.13108867527436,16.772112990202483,17.101173400878906,531500,0.0,0.0
2019-02-28,17.101174462207386,17.28066231588265,16.9914889197869,17.16100311279297,1454100,0.0,0.0
2019-03-01,17.390351116706274,17.57980884199182,17.170976210916567,17.470123291015625,1085900,0.0,0.0
2019-03-04,17.559866442390483,17.559866442390483,17.30060641195799,17.390350341796875,1109100,0.0,0.0
2019-03-05,17.3903490789972,17.62966557388341,17.380377320637137,17.480093002319336,1229800,0.0,0.0
2019-03-06,17.490066172038006,17.549894825107813,17.141062208946707,17.38037872314453,1346300,0.0,0.0
2019-03-07,17.340491458885953,17.360434976953655,16.652457202817352,16.722257614135742,1285200,0.0,0.0
2019-03-08,16.572686078872938,16.85188774177543,16.413139826176064,16.782087326049805,1272700,0.0,0.0
2019-03-11,16.89177300149003,16.89177300149003,16.56271257492483,16.772113800048828,1250200,0.0,0.0
2019-03-12,16.7521716913925,17.001459971930593,16.672399517697055,16.941631317138672,950700,0.0,0.0
2019-03-13,16.961574907108837,17.15103453364882,16.8917744925727,17.07126235961914,637600,0.0,0.0
2019-03-14,17.02140491932144,17.101177099711606,16.83194527767525,16.841917037963867,757200,0.0,0.0
2019-03-15,16.891772492571814,16.971544657156397,16.58265369062793,16.67239761352539,1207100,0.0,0.0
2019-03-18,16.712286349957512,16.84191541739879,16.632514177243195,16.82197380065918,585200,0.0,0.0
2019-03-19,16.93165856415073,17.01143073316521,16.712285574840553,16.74220085144043,476300,0.0,0.0
2019-03-20,16.702313089039226,16.762141737716526,16.373252668436383,16.522825241088867,639300,0.0,0.0
2019-03-21,16.512854262096344,16.79205780563348,16.492912646208257,16.602598190307617,594800,0.0,0.0
2019-03-22,16.532796928417756,16.532796928417756,15.705160001253816,15.715131759643555,1022700,0.0,0.0
2019-03-25,15.695188183630906,15.944476436678254,15.535643853834076,15.854732513427734,1124300,0.0,0.0
2019-03-26,15.874675636488185,16.054163478538474,15.655301712977744,15.81484603881836,933900,0.0,0.0
2019-03-27,15.834790179261766,15.854732745298415,15.435928397977245,15.635359764099121,875200,0.0,0.0
2019-03-28,15.725104265499244,16.044192941464466,15.695188988908054,15.864705085754395,776500,0.0,0.0
2019-03-29,15.944477930533008,16.163850929077324,15.844763190547221,15.884649276733398,1029300,0.0,0.0
2019-04-01,15.964420347264811,16.03422075553327,15.6353599212003,15.89461898803711,948700,0.0,0.0
2019-04-02,15.904590809983736,15.904590809983736,15.52567254037855,15.75501823425293,696400,0.0,0.0
2019-04-03,15.95444825524197,16.024248662051704,15.605444319274865,15.715131759643555,1252700,0.0,0.0
2019-04-04,15.705159831804389,16.163849301272755,15.68521631524009,16.133935928344727,796000,0.0,0.0
2019-04-05,16.223681204465002,16.502882851984577,16.173822408894665,16.44305419921875,1170400,0.0,0.0
2019-04-08,16.333365911394825,16.522825520987276,16.18379333620857,16.50288200378418,985600,0.0,0.0
2019-04-09,16.47296841161092,16.542768818978335,16.323395838406686,16.383224487304688,1467700,0.0,0.0
2019-04-10,16.433081740343795,16.502882149251416,16.313424439907443,16.49291229248047,1133900,0.0,0.0
2019-04-11,16.552741506241905,16.60259839946803,16.403168924644973,16.453025817871094,1218500,0.0,0.0
2019-04-12,16.56271270138809,16.56271270138809,16.333366055367836,16.49291229248047,1003300,0.0,0.0
2019-04-15,16.83194109973762,17.170973257722707,16.702312051999005,16.732227325439453,1365900,0.0,0.0
2019-04-16,16.901747315752953,16.94163245431858,16.69234415704741,16.861860275268555,873800,0.0,0.0
2019-04-17,16.951600280987176,17.190916762606207,16.821971233329574,17.14105987548828,884500,0.0,0.0
2019-04-18,17.131091085342682,17.15103460441205,16.871831043196885,16.931659698486328,893300,0.0,0.0
2019-04-22,16.92168609332864,16.92168609332864,16.622540947590082,16.792057037353516,734400,0.0,0.0
2019-04-23,16.772112632665042,17.18094519776238,16.762140874745796,16.991487503051758,763900,0.0,0.0
2019-04-24,17.031374068262416,17.579807486616005,17.001458791983335,17.430234909057617,1000500,0.0,0.0
2019-04-25,17.350464017763688,17.400322815231398,16.921687869134672,17.07126235961914,1032600,0.0,0.0
2019-04-26,17.061290313729753,17.400322523144457,16.941631103734544,17.360435485839844,705600,0.0,0.0
2019-04-29,17.410292168149976,17.62966706681176,17.370407033250576,17.510007858276367,512700,0.0,0.0
2019-04-30,17.519979617480868,17.63963882601626,17.400322310864073,17.510007858276367,875200,0.0,0.0
2019-05-01,17.510009157236947,17.51998091718119,17.08123298922819,17.15103530883789,1259000,0.0,0.0
2019-05-02,17.170974372853095,17.220833165158474,16.881800985155703,17.061288833618164,732600,0.0,0.0
2019-05-03,17.161002776266752,17.420262792944893,16.981516828029708,17.32054901123047,984600,0.0,0.0
2019-05-06,17.011432213649165,17.350464436945884,16.901746660407547,17.310579299926758,996400,0.0,0.0
2019-05-07,17.180947696489515,17.240778252706505,16.502883274712655,16.682371139526367,1220800,0.0,0.0
2019-05-08,16.662427553311925,16.931659349442224,16.492913350472797,16.82197380065918,1308700,0.0,0.0
2019-05-09,16.70231451875778,17.091203621326844,16.472969760930827,16.96157455444336,1119800,0.0,0.0
2019-05-10,16.73222975893043,16.73222975893043,15.545617033404822,15.954449653625488,6500000,0.0,0.0
2019-05-13,15.58550169463539,16.143907799883507,15.555587370538289,15.854732513427734,3370900,0.0,0.0
2019-05-14,15.984364931416733,15.994336690680482,15.764990982410778,15.954449653625488,1114200,0.0,0.0
2019-05-15,15.784934548512947,15.894621054474895,15.565560585629685,15.615418434143066,1218200,0.0,0.0
2019-05-16,15.555587344223307,15.974391684711112,15.515701261841574,15.92453384399414,1222300,0.0,0.0
2019-05-17,15.804877245487374,15.854734140445801,15.565559775274076,15.605445861816406,2036400,0.0,0.0
2019-05-20,15.475733608982615,15.495688927682243,14.916970411882952,14.98681640625,2149000,0.01,0.0
2019-05-21,15.036703407969478,15.346018899709225,14.727388867796959,14.817190170288086,1776200,0.0,0.0
2019-05-22,15.276173910276034,15.475731832197551,14.916968699250072,15.29612922668457,2085100,0.0,0.0
2019-05-23,15.106548895764032,15.156437660775795,14.647565216058547,14.727388381958008,1643900,0.0,0.0
2019-05-24,14.996792477409427,15.2362629450133,14.916969305397226,15.036704063415527,1584600,0.0,0.0
2019-05-28,15.096571916205543,15.276174528992803,14.94690275502707,14.976837158203125,1501700,0.0,0.0
2019-05-29,14.946903547662563,15.016749540543364,14.737368423722122,14.966859817504883,2349500,0.0,0.0
2019-05-30,14.946903064614359,14.946903064614359,14.507875609512155,14.757323265075684,1667500,0.0,0.0
2019-05-31,14.477942624759926,14.75732374157314,14.467964489839053,14.667522430419922,3693500,0.0,0.0
2019-06-03,14.657543980915595,14.94690322643939,14.607655210516592,14.827168464660645,1019000,0.0,0.0
2019-06-04,15.056661128578845,15.545578320905191,15.04668299365774,15.505666732788086,1697000,0.0,0.0
2019-06-05,15.565532388683726,15.77506843454718,15.395907925291066,15.725178718566895,3228600,0.0,0.0
2019-06-06,15.75511472312281,15.824959765884277,15.266197520657878,15.346020698547363,3590900,0.0,0.0
2019-06-07,15.365975542951405,15.685269196221402,15.1863738740273,15.675291061401367,1048600,0.0,0.0
2019-06-10,15.775071137309187,16.154231711527338,15.775071137309187,15.954672813415527,1842600,0.0,0.0
2019-06-11,16.11431787256666,16.124296006981933,15.615422570610201,15.695245742797852,1649900,0.0,0.0
2019-06-12,15.65533494958882,15.86487102508545,15.51564486696928,15.86487102508545,1394100,0.0,0.0
2019-06-13,17.39148973822031,18.459125331256327,17.122085830687546,18.149810791015625,4383600,0.0,0.0
2019-06-14,18.22963474851602,18.22963474851602,17.800584485313976,18.020097732543945,1460400,0.0,0.0
2019-06-17,18.119877811379762,18.119877811379762,17.810563246860674,17.940275192260742,1077100,0.0,0.0
2019-06-18,18.050033092161662,18.249591984315582,17.93029737624238,17.96023178100586,989800,0.0,0.0
2019-06-19,17.96023257224754,18.129857067110823,17.850474986414028,18.069990158081055,827300,0.0,0.0
2019-06-20,18.299478363481413,18.359345262047285,17.990163833900947,18.229633331298828,775500,0.0,0.0
2019-06-21,18.209678649902344,18.359346860918464,18.149811746122804,18.209678649902344,1776900,0.0,0.0
2019-06-24,18.289500380664748,18.329412915460676,18.159788448846793,18.17974281311035,995700,0.0,0.0
2019-06-25,18.179742408021006,18.20967680845094,17.53117895711401,17.561113357543945,1633300,0.0,0.0
2019-06-26,17.650917857082025,17.760673538962997,17.2518019612996,17.401470184326172,1714600,0.0,0.0
2019-06-27,17.431401727744884,17.451357997219425,17.0921527592161,17.221866607666016,1643300,0.0,0.0
2019-06-28,17.30169010094576,17.66089534556189,17.122087478637695,17.122087478637695,3804100,0.0,0.0
2019-07-01,17.281731766173632,17.41144560151249,17.00235163430731,17.291709899902344,1295400,0.0,0.0
2019-07-02,17.231843320470727,17.32164462256136,16.992373815940525,17.31166648864746,1178700,0.0,0.0
2019-07-03,17.361557786736608,17.730741182847183,17.321647148395716,17.710784912109375,517300,0.0,0.0
2019-07-05,17.6209818604452,17.860451376295956,17.51122428533815,17.780628204345703,841900,0.0,0.0
2019-07-08,17.690827048361076,17.790606489930536,17.571093240985373,17.611003875732422,519500,0.0,0.0
2019-07-09,17.51122239012142,17.670868716743612,17.431399226810328,17.660892486572266,626500,0.0,0.0
2019-07-10,17.74071867968752,17.8404962235159,17.491271013847268,17.67087173461914,714400,0.0,0.0
2019-07-11,17.71078333462361,18.040054159930666,17.71078333462361,17.9702091217041,954500,0.0,0.0
2019-07-12,18.04005402133475,18.60879436039253,17.990165252451785,18.379302978515625,1571600,0.0,0.0
2019-07-15,18.33939075379518,18.459126465545495,18.099921233429114,18.279523849487305,1197000,0.0,0.0
2019-07-16,18.189723801611425,18.668662875523637,18.189723801611425,18.479084014892578,969700,0.0,0.0
2019-07-17,18.379302978515625,18.43916988180209,18.169765962311182,18.379302978515625,639600,0.0,0.0
2019-07-18,18.319435581294634,18.319435581294634,18.01011913252961,18.16976547241211,556300,0.0,0.0
2019-07-19,18.20967736940829,18.369323703683854,18.050031035132722,18.129854202270508,807500,0.0,0.0
2019-07-22,18.13983376384858,18.20967880269987,18.010119917580834,18.040054321289062,777400,0.0,0.0
2019-07-23,18.179743779906403,18.489060231621032,18.109898743433586,18.359346389770508,1042400,0.0,0.0
2019-07-24,18.329414370476965,18.52897135089452,18.179744256245602,18.449148178100586,800300,0.0,0.0
2019-07-25,18.379302019792522,18.509013954002768,18.209677550050237,18.319435119628906,756300,0.0,0.0
2019-07-26,18.439169889841953,18.54892746519378,18.139833470144563,18.499038696289062,846600,0.0,0.0
2019-07-29,18.479082398923293,18.479082398923293,17.92031829175413,18.020097732543945,1061500,0.0,0.0
2019-07-30,17.870428448466633,18.249589920043945,17.71078211405548,18.249589920043945,860800,0.0,0.0
2019-07-31,18.229635398130974,18.708574447227697,18.05003277893605,18.299480438232422,1181400,0.0,0.0
2019-08-01,18.45912563399178,18.768440179305333,17.91034157909987,17.930295944213867,1601900,0.0,0.0
2019-08-02,17.80058526646372,17.87043030714127,17.401469388924436,17.53118133544922,958600,0.0,0.0
2019-08-05,17.21188702878123,17.28173206294724,16.80279305455081,17.07219696044922,1053400,0.0,0.0
2019-08-06,17.181954700110754,17.34160105550448,16.912552664843016,17.261777877807617,1161900,0.0,0.0
2019-08-07,16.992373305733437,17.132063370064824,16.752903808393462,16.98239517211914,1252000,0.0,0.0
2019-08-08,17.132065927061642,17.810563889026014,17.08217715467854,17.501249313354492,1884600,0.0,0.0
2019-08-09,19.616562953386875,20.055591348242192,17.86045127710014,18.78839683532715,4843700,0.0,0.0
2019-08-12,18.56876791312319,18.688565347009845,17.989741904948673,17.999725341796875,1643800,0.01,0.0
2019-08-13,17.98974217736343,18.608700038157615,17.969775303364674,18.3990535736084,1179700,0.0,0.0
2019-08-14,17.939823291932132,18.029672312264246,17.440662914151815,17.63034439086914,1148100,0.0,0.0
2019-08-15,17.680260956612457,17.720194703737654,17.16113557300593,17.290916442871094,860900,0.0,0.0
2019-08-16,17.47061449664276,17.730178140518955,17.191083979203963,17.290916442871094,1685300,0.0,0.0
2019-08-19,17.620362076013414,17.949807870145488,17.480597770668247,17.60039520263672,851800,0.0,0.0
2019-08-20,17.5005664500677,17.740163242876395,17.330851817143287,17.45064926147461,756600,0.0,0.0
2019-08-21,17.660294559932673,18.019688734284752,17.370780629110406,17.939823150634766,998900,0.0,0.0
2019-08-22,17.949807784696084,18.179421114997467,17.81004348001626,18.009708404541016,722200,0.0,0.0
2019-08-23,17.80005877400539,17.899891229148444,16.861636742293783,16.871620178222656,1563100,0.0,0.0
2019-08-26,17.121200364007446,17.16113410772295,16.831688338652857,16.871620178222656,1067600,0.0,0.0
2019-08-27,16.991420488915338,16.991420488915338,16.442342905913385,16.64200782775879,976500,0.0,0.0
2019-08-28,16.72187459964971,17.290917191810255,16.642009006085875,17.270950317382812,1050800,0.0,0.0
2019-08-29,17.490581451527774,17.959791557555256,17.32086683374832,17.94980812072754,993200,0.0,0.0
2019-08-30,18.029672391993483,18.2193538695496,17.710210053464696,17.73017692565918,1107500,0.0,0.0
2019-09-03,17.570444557282897,17.640326701048675,17.12119948429487,17.201065063476562,1161800,0.0,0.0
2019-09-04,17.420699391884565,17.690244571103953,17.31088349033296,17.540496826171875,571000,0.0,0.0
2019-09-05,17.760126070037142,18.01968777497204,17.630343313424078,17.710208892822266,854800,0.0,0.0
2019-09-06,17.810042253433693,18.00970716420747,17.760126977813105,17.889907836914062,857200,0.0,0.0
2019-09-09,17.989741188777305,18.60869901555804,17.989741188777305,18.578750610351562,1145800,0.0,0.0
2019-09-10,18.438983010588206,18.4789167533731,17.97975639343589,18.259286880493164,1028700,0.0,0.0
2019-09-11,19.177741296771448,19.3274909372986,18.638649064969357,19.24762535095215,2081800,0.0,0.0
2019-09-12,19.227659225463867,19.397373841062944,18.93814527361715,19.227659225463867,1096800,0.0,0.0
2019-09-13,19.25760835943194,19.49720511314835,18.648632086978317,18.69854736328125,953200,0.0,0.0
2019-09-16,18.56876772467373,19.097876543237458,18.49888557159142,18.818347930908203,1099600,0.0,0.0
2019-09-17,18.798378820346876,19.427320027387534,18.628664224138184,19.337472915649414,1752100,0.0,0.0
2019-09-18,19.34745525148464,19.926481208951373,19.147792244443597,19.87656593322754,3329700,0.0,0.0
2019-09-19,19.846617871276493,20.116164960638578,19.68688668590917,19.816669464111328,2073600,0.0,0.0
2019-09-20,19.796701282288147,20.0862152267346,19.587054829395868,19.597036361694336,2161000,0.0,0.0
2019-09-23,19.38738873718814,19.49720462729295,19.037976099337488,19.06792640686035,727200,0.0,0.0
2019-09-24,19.147793456168117,19.337474943384525,18.698548329641316,18.978078842163086,854200,0.0,0.0
2019-09-25,18.828331518839185,19.617003986716995,18.828331518839185,19.577072143554688,1501100,0.0,0.0
2019-09-26,19.507187004369445,19.696866562615543,19.157774385483375,19.19770622253418,938300,0.0,0.0
2019-09-27,19.237644478280696,19.39737567225964,18.928163623818723,19.077913284301758,632000,0.0,0.0
2019-09-30,19.09787467745975,19.507187927510383,18.938143513406384,19.377405166625977,1254300,0.0,0.0
2019-10-01,19.367424462784346,19.567089398088225,18.748466590805023,18.89821434020996,848000,0.0,0.0
2019-10-02,18.74846362976844,18.818345774844186,18.37908412903796,18.518848419189453,755900,0.0,0.0
2019-10-03,18.488901886042456,18.54880060157184,17.89989245492364,18.468935012817383,623400,0.0,0.0
2019-10-04,18.498885500962885,18.74846570624446,18.219354985555015,18.718515396118164,966100,0.0,0.0
2019-10-07,18.718515700017438,18.81834816458004,18.508869238167264,18.608699798583984,822500,0.0,0.0
2019-10-08,18.349135594189196,19.39737358398975,18.299220315499287,18.878246307373047,2113200,0.0,0.0
2019-10-09,19.217675079509714,20.076231562518355,19.107859184014437,19.806684494018555,2122500,0.0,0.0
2019-10-10,19.9264815053605,20.44560875885158,19.736801931471856,19.76675033569336,2050700,0.0,0.0
2019-10-11,20.036298450399457,20.425642958884172,19.92648255143368,20.146114349365234,947400,0.0,0.0
2019-10-14,20.116163071941028,20.395693572161818,19.986382210069866,20.3757266998291,809900,0.0,0.0
2019-10-15,20.415661640279254,20.585376256756362,20.2659119931585,20.44561004638672,908800,0.0,0.0
2019-10-16,20.675223794353876,20.675223794353876,20.335796458730297,20.485544204711914,826800,0.0,0.0
2019-10-17,20.725138671995136,20.884869837147086,20.45559161674659,20.495525360107422,846500,0.0,0.0
2019-10-18,20.325812823608757,20.90483883213269,20.255930669775058,20.745107650756836,991400,0.0,0.0
2019-10-21,20.94477143155297,21.044603899553504,20.655259368911967,20.725141525268555,906300,0.0,0.0
2019-10-22,20.72514043784091,21.034619358673158,20.53545894900689,20.80500602722168,802300,0.0,0.0
2019-10-23,20.805005500299302,21.174383127775542,20.63529088914525,21.124467849731445,995400,0.0,0.0
2019-10-24,21.174381383843222,21.21431512630618,20.725138206008832,20.86490249633789,796500,0.0,0.0
2019-10-25,20.8549207783434,21.503830817791467,20.8549207783434,21.124467849731445,589400,0.0,0.0
2019-10-28,21.20433449730005,21.44393127135393,20.994688034057617,20.994688034057617,701800,0.0,0.0
2019-10-29,20.92480167636223,21.02463413061862,20.45559161674659,20.495525360107422,1488800,0.0,0.0
2019-10-30,20.515490484135753,20.735122266004318,20.235961895060424,20.695188522338867,1928100,0.0,0.0
2019-10-31,20.615322916190046,20.77505408238251,19.986381687325434,20.186044692993164,1684200,0.0,0.0
2019-11-01,20.25592799773205,20.525473140655812,19.68688359698146,19.746784210205078,1279200,0.0,0.0
2019-11-04,19.85660089681443,19.896534644401523,19.467256378569722,19.776735305786133,1145900,0.0,0.0
2019-11-05,19.82665238586769,20.176063154685394,19.577072177200254,19.62698745727539,905600,0.0,0.0
2019-11-06,19.66692111108234,20.14611465244893,19.57707208405787,20.036298751831055,1006000,0.0,0.0
2019-11-07,20.275893379886124,20.53545699673379,20.096195344826537,20.24594497680664,641400,0.0,0.0
2019-11-08,20.355760754553323,20.635291267504694,20.24594676001365,20.6053409576416,774200,0.0,0.0
2019-11-11,20.475560568130383,20.80500636773631,20.29586251304608,20.745107650756836,606900,0.0,0.0
2019-11-12,20.75508822136856,20.75508822136856,20.275892839271197,20.51548957824707,779400,0.0,0.0
2019-11-13,20.385709546554352,20.705171878057758,20.29586052780081,20.595355987548828,529400,0.0,0.0
2019-11-14,20.54544198875659,20.625307576594345,20.235963073903523,20.255929946899414,799300,0.0,0.0
2019-11-15,20.375727485755846,20.535458662287187,20.215996309224504,20.405677795410156,570000,0.0,0.0
2019-11-18,20.28587835224744,20.405677686076977,19.996366310390265,20.255929946899414,519200,0.0,0.0
2019-11-19,20.206012764409685,20.365743940085192,20.096196867078095,20.255929946899414,570800,0.0,0.0
2019-11-20,20.156096466494567,20.325811070083216,19.617002347749782,19.926481246948242,783000,0.0,0.0
2019-11-21,19.886548906687466,20.34577552593248,19.76674958193252,20.24594497680664,730800,0.0,0.0
2019-11-22,20.365743300588797,20.665240673685336,20.305844587627792,20.425642013549805,700400,0.0,0.0
2019-11-25,20.515490970986452,20.89485392822802,20.365743236978776,20.8349552154541,682900,0.0,0.0
2019-11-26,20.745107011753436,21.00467064953043,20.62530767733874,20.91482162475586,927000,0.0,0.0
2019-11-27,21.014651878538828,21.09451746561365,20.675222657434382,21.024635314941406,650000,0.0,0.0
2019-11-29,21.004671296529065,21.114485293633788,20.745107650756836,20.745107650756836,210100,0.0,0.0
2019-12-02,20.64527369680138,20.90483732384606,20.41566037815846,20.785037994384766,831000,0.0,0.0
2019-12-03,20.575290253478478,20.615241282016736,20.255674404929493,20.325590133666992,467800,0.01,0.0
2019-12-04,20.43545768862615,20.904895151434765,20.385518424738805,20.755075454711914,620100,0.0,0.0
2019-12-05,20.854953553593592,21.124630145185165,20.645206363507327,20.954833984375,1093200,0.0,0.0
2019-12-06,21.324391308892785,21.554114969402438,20.954834281283564,20.994787216186523,757500,0.0,0.0
2019-12-09,20.984799315643514,21.25447591533787,20.924871817398373,21.10465431213379,712300,0.0,0.0
2019-12-10,21.064702017599952,21.25447463989258,20.954833356526212,21.254474639892578,533800,0.0,0.0
2019-12-11,21.26446410943748,21.344368075301777,20.974811042516393,21.034738540649414,654200,0.0,0.0
2019-12-12,21.074691049170013,21.48419910406111,20.91488312067889,21.234498977661133,724300,0.0,0.0
2019-12-13,21.234497691360293,21.344366349940326,20.834977894333797,20.934856414794922,483500,0.0,0.0
2019-12-16,21.09466645057886,21.15459394446969,20.815001637320528,20.834978103637695,578300,0.0,0.0
2019-12-17,20.78503837004378,20.974811003011865,20.72511087202363,20.96482276916504,456000,0.0,0.0
2019-12-18,21.06470393786468,21.094668640451122,20.74508806385284,20.805015563964844,531100,0.0,0.0
2019-12-19,20.785038584122393,20.924871954357393,20.605254183149416,20.86494255065918,394500,0.0,0.0
2019-12-20,20.914882996337884,21.30441458158659,20.88491829552615,21.024749755859375,1540500,0.0,0.0
2019-12-23,21.15459403410135,21.204533295045188,20.84496642511606,20.974809646606445,361600,0.0,0.0
2019-12-24,21.004776368663546,21.19454710257083,20.83498019802064,21.184558868408203,467700,0.0,0.0
2019-12-26,21.214522900153277,21.244487601693756,20.864942335757583,20.96482276916504,284500,0.0,0.0
2019-12-27,21.01476415484388,21.114642684219238,20.834979753870904,20.86494255065918,269700,0.0,0.0
2019-12-30,20.86494128333335,21.17457080178489,20.735098059995497,21.01476287841797,600500,0.0,0.0
2019-12-31,21.224511255425824,21.70393505245143,21.14460728925489,21.174571990966797,637200,0.0,0.0
2020-01-02,21.184557597774653,21.424271393178092,21.144606568581253,21.334379196166992,576100,0.0,0.0
2020-01-03,21.054716218915,21.294428130290054,20.8949082779983,21.26446533203125,644000,0.0,0.0
2020-01-06,21.10465477073705,22.0435278205964,20.994788005743697,21.943647384643555,1319800,0.0,0.0
2020-01-07,22.023549991918788,22.143406888670377,21.44424578525106,21.504175186157227,958900,0.0,0.0
2020-01-08,21.534138318041766,21.783838443870373,21.42427155811851,21.614042282104492,504400,0.0,0.0
2020-01-09,21.713922373648032,21.96362249556909,21.604053710383326,21.95363426208496,1029400,0.0,0.0
2020-01-10,21.973611207295555,21.973611207295555,21.304414789780033,21.374330520629883,853100,0.0,0.0
2020-01-13,21.374330472855604,21.92367189484662,21.20453431043086,21.753875732421875,1271500,0.0,0.0
2020-01-14,21.773850079994308,22.103454167914176,21.703934349990206,21.8537540435791,539900,0.0,0.0
2020-01-15,21.78383789428502,22.223310638072906,21.773849660896577,22.05351448059082,585200,0.0,0.0
2020-01-16,22.233299127016103,22.30321485647811,21.953634304107332,22.023550033569336,581700,0.0,0.0
2020-01-17,22.12343072082727,22.14340718806609,21.94364632579944,21.993587493896484,446000,0.0,0.0
2020-01-21,21.9836002447538,22.09346891442671,21.73390010826872,21.803815841674805,1486400,0.0,0.0
2020-01-22,21.80381503651052,21.9835994329505,21.673971808559866,21.82379150390625,452200,0.0,0.0
2020-01-23,21.743886947631836,21.803814443127326,21.584079022936706,21.743886947631836,502500,0.0,0.0
2020-01-24,21.753876562443747,21.79382759362408,21.054715418709794,21.284439086914062,657400,0.0,0.0
2020-01-27,20.75507666338802,21.2444887172161,20.275650938870324,20.984800338745117,621800,0.0,0.0
2020-01-28,21.044727692914005,21.32439253817412,20.99478842646726,21.224512100219727,680200,0.0,0.0
2020-01-29,21.334379653277683,21.773850509124994,21.154595255403418,21.653995513916016,702300,0.0,0.0
2020-01-30,21.464221962202508,21.933657499260157,21.4442454955037,21.91368293762207,446700,0.0,0.0
2020-01-31,21.833780870413346,21.913684839081153,21.30441588732607,21.39430809020996,603900,0.0,0.0
2020-02-03,21.574090999523854,21.87373038497888,21.454234102305392,21.644006729125977,708200,0.0,0.0
2020-02-04,21.963623058896545,21.963623058896545,21.47421103598602,21.514163970947266,467400,0.0,0.0
2020-02-05,21.624030772406808,21.893707368717156,20.95483435104083,21.58407974243164,571500,0.0,0.0
2020-02-06,21.57409177939304,21.69394677588332,21.07469151554163,21.10465431213379,539400,0.0,0.0
2020-02-07,21.004776087030788,21.004776087030788,20.145807011170724,20.175771713256836,1059400,0.0,0.0
2020-02-10,20.205733656724313,20.86494183428483,20.0359374955308,20.57529067993164,1925300,0.0,0.0
2020-02-11,19.47661064458365,19.976010917521695,17.479009552831485,18.827390670776367,4001800,0.0,0.0
2020-02-12,18.75743652692153,19.81672646917409,18.577556707165602,19.696805953979492,2123900,0.01,0.0
2020-02-13,19.566894461634092,19.73678075194434,19.327055329326445,19.52692222595215,1791000,0.0,0.0
2020-02-14,19.54690724824343,19.71679353731506,19.2670958822939,19.44697380065918,1007400,0.0,0.0
2020-02-18,19.426988916858683,19.706800286853486,19.426988916858683,19.606868743896484,671900,0.0,0.0
2020-02-19,19.706798608164554,19.736779212141013,18.967294198058525,19.217126846313477,897100,0.0,0.0
2020-02-20,19.01726258442115,19.37702031526885,18.737449321697905,19.087215423583984,764000,0.0,0.0
2020-02-21,18.957300793410834,19.167161210541593,18.72745521289722,18.76742935180664,642900,0.0,0.0
2020-02-24,18.07789161619076,18.3776900488483,17.96796463471609,18.22779083251953,699400,0.0,0.0
2020-02-25,18.29774429248043,18.347711970329485,17.328394215072954,17.4882869720459,863800,0.0,0.0
2020-02-26,17.60820741434357,17.61819904379684,16.898681640625,16.898681640625,1293200,0.0,0.0
2020-02-27,16.488955799283765,17.2384537901603,16.438990028987444,16.658842086791992,1932700,0.0,0.0
2020-02-28,16.139189304499936,17.06856709601722,16.129195769464364,16.9686336517334,1359400,0.0,0.0
2020-03-02,16.73878756020426,16.978626675621843,16.28908802750137,16.68882179260254,835300,0.0,0.0
2020-03-03,16.83872214444909,17.208473424372034,16.009277765885752,16.249116897583008,750300,0.0,0.0
2020-03-04,16.24911624985318,16.448981231931125,15.739457400535775,16.419002532958984,850800,0.0,0.0
2020-03-05,16.209142613682033,16.229129684332733,15.419672383699156,15.629531860351562,747300,0.0,0.0
2020-03-06,15.159846302785512,15.749451549118348,15.079899925625398,15.699484825134277,632500,0.0,0.0
2020-03-09,14.85005260965656,14.85005260965656,14.120541717483453,14.200488090515137,819600,0.0,0.0
2020-03-10,14.560246805924674,14.81007946053854,13.540930070678787,14.220474243164062,1216700,0.0,0.0
2020-03-11,13.830736591883774,13.870709780465797,12.351726708276946,12.45166015625,1063500,0.0,0.0
2020-03-12,11.35239591381885,11.452329360675071,9.673521059100585,9.683513641357422,1755900,0.0,0.0
2020-03-13,10.253132894398767,10.4929720262706,8.993976022517657,9.753467559814453,2417200,0.0,0.0
2020-03-16,7.994645399105697,9.063928916264564,7.994645399105697,8.15453815460205,1989100,0.0,0.0
2020-03-17,8.414364208643569,8.494310584965069,7.0153011934633716,7.265133857727051,2111500,0.0,0.0
2020-03-18,6.845414803017579,6.9653343657041455,4.746820549930742,5.33642578125,2786000,0.0,0.0
2020-03-19,5.506312067927238,7.474993223635234,5.24648587219468,7.205173969268799,2518400,0.0,0.0
2020-03-20,7.794779315633964,8.834083160849428,7.215167134267118,7.265133857727051,3520000,0.0,0.0
2020-03-23,7.285120253377913,7.724825787687603,6.92536109321217,7.15520715713501,1704800,0.0,0.0
2020-03-24,7.874725623122367,9.143875050909488,7.834752435311024,9.103901863098145,1532200,0.0,0.0
2020-03-25,9.553601280022137,10.992636973593042,9.343741808768469,10.093239784240723,2588200,0.0,0.0
2020-03-26,10.36305883348291,11.462322941084185,10.253132803937177,11.322416305541992,2352500,0.0,0.0
2020-03-27,10.532945343064451,11.222483093844195,10.41302577566954,10.912691116333008,1569700,0.0,0.0
2020-03-30,10.542938793720843,11.19250335013904,10.203166212319573,10.862724304199219,1429600,0.0,0.0
2020-03-31,10.782777729547266,11.102563234182238,10.013293620760368,10.213159561157227,1391300,0.0,0.0
2020-04-01,9.683513168550686,9.843406866320874,9.183847864738173,9.423687934875488,1173300,0.0,0.0
2020-04-02,9.393707598132892,10.033279548330333,9.30376864143403,9.573587417602539,922000,0.0,0.0
2020-04-03,9.593574595128082,9.773453463574503,9.043942548515416,9.63354778289795,1751400,0.0,0.0
2020-04-06,10.243138908163687,10.652864312004482,9.973319181906021,10.572917938232422,1686300,0.0,0.0
2020-04-07,10.992637003244882,11.722147910548417,10.642870899199979,11.172516822814941,2732600,0.0,0.0
2020-04-08,11.302429652950456,11.932007100501396,11.262456466549825,11.552262306213379,956200,0.0,0.0
2020-04-09,11.762121864554874,12.23180657015624,11.382376114277468,11.602228164672852,1185900,0.0,0.0
2020-04-13,11.572248424601096,11.58224195946171,10.39303799605482,10.502964973449707,1189500,0.0,0.0
2020-04-14,10.80276503264281,11.092570890715544,10.532945292521989,10.882711410522461,1366600,0.0,0.0
2020-04-15,10.293105974412054,10.832744491946404,9.853399950918298,10.772784233093262,1634600,0.0,0.0
2020-04-16,10.75279782877396,10.792771015931502,10.30309923499264,10.61289119720459,1136200,0.0,0.0
2020-04-17,11.142535797662536,11.53227507436641,10.882710566229212,10.942669868469238,1335800,0.0,0.0
2020-04-20,10.632878303527832,11.082576898841289,10.35306503943576,10.632878303527832,1519000,0.0,0.0
2020-04-21,10.31309147964112,10.58291119890509,10.103232015670008,10.423018455505371,960700,0.0,0.0
2020-04-22,10.722817358268074,10.822750803934703,10.013293515571702,10.153199195861816,1746400,0.0,0.0
2020-04-23,10.253132311289685,10.502964964373533,9.953332936981882,9.973319053649902,1859600,0.0,0.0
2020-04-24,10.153199085687273,10.802764569399839,10.02328598894476,10.622884750366211,1528300,0.0,0.0
2020-04-27,10.84273789201295,12.531606264681692,10.752797981373105,12.30176067352295,3271800,0.0,0.0
2020-04-28,12.86138510930928,13.970641766859513,12.621545986547494,13.790762901306152,2651800,0.0,0.0
2020-04-29,12.951325501119756,13.840730139125407,12.76145309345176,13.54093074798584,6606600,0.0,0.0
2020-04-30,13.3210772194617,14.680166532944765,13.301091102443689,14.31041431427002,9450000,0.0,0.0
2020-05-01,14.000622259009557,14.210481727991736,12.801425701841078,13.201157569885254,3886900,0.0,0.0
2020-05-04,12.741465464505284,13.900688836633346,12.661519090774792,13.740796089172363,1437900,0.0,0.0
2020-05-05,14.150521471267135,14.450320848818242,13.091231544432093,13.201157569885254,2093500,0.0,0.0
2020-05-06,13.241131322083735,13.810749496628272,13.241131322083735,13.520943641662598,1751700,0.0,0.0
2020-05-07,13.790763378890635,13.940662597548885,13.401024076128799,13.520943641662598,2050300,0.0,0.0
2020-05-08,14.170508856776937,14.430334100274212,13.480970177749168,13.900689125061035,2338400,0.0,0.0
2020-05-11,13.500957563055765,13.750790230234283,12.901358780612926,13.00129222869873,2881800,0.0,0.0
2020-05-12,13.101224389678428,13.131204995161285,12.241800379591865,12.281773567199707,1850500,0.0,0.0
2020-05-13,12.321746688079388,12.321746688079388,11.222482605262854,11.71215534210205,2596200,0.0,0.0
2020-05-14,11.462322289661287,11.59223538248815,10.792770709034498,11.492301940917969,3057300,0.0,0.0
2020-05-15,11.612222145117206,13.191164510352882,11.512289651022433,12.9313383102417,2232500,0.0,0.0
2020-05-18,13.750789556309197,14.3703744261818,13.590896809637034,14.230467796325684,2777300,0.0,0.0
2020-05-19,14.190494717173822,14.34039488309167,13.540930190637663,13.760783195495605,1582900,0.0,0.0
2020-05-20,14.210481661286826,14.550254224047437,14.07057503161012,14.220474243164062,1569100,0.0,0.0
2020-05-21,14.210482279231096,14.690160539491327,14.05058952581102,14.57024097442627,1666500,0.0,0.0
2020-05-22,14.740126949119814,15.199819081925666,14.410347913958654,14.929999351501465,1255700,0.0,0.0
2020-05-26,16.219999313354492,16.299999237060547,15.069999694824219,15.220000267028809,2009700,0.01,0.0
2020-05-27,15.4399995803833,16.40999984741211,15.1899995803833,16.09000015258789,3202200,0.0,0.0
2020-05-28,16.25,16.25,15.15999984741211,15.239999771118164,1898100,0.0,0.0
2020-05-29,15.270000457763672,15.369999885559082,14.850000381469727,15.319999694824219,1541300,0.0,0.0
2020-06-01,15.350000381469727,15.6899995803833,15.270000457763672,15.380000114440918,1457100,0.0,0.0
2020-06-02,15.489999771118164,15.579999923706055,15.109999656677246,15.539999961853027,1656500,0.0,0.0
2020-06-03,15.779999732971191,16.559999465942383,15.699999809265137,16.209999084472656,2384700,0.0,0.0
2020-06-04,16.110000610351562,16.899999618530273,15.90999984741211,16.709999084472656,1655800,0.0,0.0
2020-06-05,17.920000076293945,18.0,17.15999984741211,17.3700008392334,3111500,0.0,0.0
2020-06-08,17.770000457763672,17.920000076293945,17.25,17.65999984741211,2624500,0.0,0.0
2020-06-09,17.149999618530273,17.18000030517578,16.6200008392334,16.709999084472656,1735700,0.0,0.0
2020-06-10,17.15999984741211,17.459999084472656,16.459999084472656,16.579999923706055,2461100,0.0,0.0
2020-06-11,14.899999618530273,16.110000610351562,14.6899995803833,14.789999961853027,2325500,0.0,0.0
2020-06-12,16.0,16.350000381469727,15.069999694824219,15.8100004196167,1859800,0.0,0.0
2020-06-15,15.09000015258789,15.930000305175781,14.65999984741211,15.789999961853027,1863700,0.0,0.0
2020-06-16,16.59000015258789,16.649999618530273,15.84000015258789,16.43000030517578,1678800,0.0,0.0
2020-06-17,16.5,17.030000686645508,16.059999465942383,16.969999313354492,2181700,0.0,0.0
2020-06-18,16.700000762939453,17.0,16.479999542236328,16.950000762939453,1249700,0.0,0.0
2020-06-19,17.239999771118164,17.540000915527344,16.809999465942383,17.1299991607666,2252000,0.0,0.0
2020-06-22,17.049999237060547,17.329999923706055,16.959999084472656,17.329999923706055,1950100,0.0,0.0
2020-06-23,17.5,17.670000076293945,17.239999771118164,17.610000610351562,1465000,0.0,0.0
2020-06-24,17.34000015258789,17.350000381469727,16.290000915527344,16.700000762939453,1530300,0.0,0.0
2020-06-25,16.489999771118164,16.8799991607666,16.200000762939453,16.760000228881836,2148800,0.0,0.0
2020-06-26,16.719999313354492,16.81999969482422,15.960000038146973,16.09000015258789,1564000,0.0,0.0
2020-06-29,16.600000381469727,17.81999969482422,16.440000534057617,17.690000534057617,2176100,0.0,0.0
2020-06-30,17.649999618530273,17.84000015258789,17.200000762939453,17.510000228881836,1587100,0.0,0.0
2020-07-01,17.639999389648438,18.209999084472656,17.3700008392334,17.479999542236328,2363600,0.0,0.0
2020-07-02,17.940000534057617,17.940000534057617,16.950000762939453,16.979999542236328,1102600,0.0,0.0
2020-07-06,17.520000457763672,17.56999969482422,16.989999771118164,17.43000030517578,1424100,0.0,0.0
2020-07-07,17.149999618530273,17.489999771118164,16.950000762939453,16.969999313354492,1038100,0.0,0.0
2020-07-08,16.8799991607666,17.40999984741211,16.75,17.239999771118164,978000,0.0,0.0
2020-07-09,17.209999084472656,17.229999542236328,16.34000015258789,16.600000381469727,1227800,0.0,0.0
2020-07-10,16.68000030517578,17.139999389648438,16.559999465942383,17.030000686645508,1008300,0.0,0.0
2020-07-13,17.18000030517578,17.25,16.350000381469727,16.3700008392334,1117000,0.0,0.0
2020-07-14,16.239999771118164,16.780000686645508,16.110000610351562,16.760000228881836,966400,0.0,0.0
2020-07-15,17.260000228881836,17.59000015258789,17.010000228881836,17.399999618530273,876800,0.0,0.0
2020-07-16,17.209999084472656,17.700000762939453,17.049999237060547,17.6299991607666,700100,0.0,0.0
2020-07-17,17.84000015258789,18.110000610351562,17.579999923706055,17.649999618530273,1066800,0.0,0.0
2020-07-20,18.040000915527344,18.34000015258789,17.559999465942383,18.09000015258789,1756600,0.0,0.0
2020-07-21,18.84000015258789,19.170000076293945,18.350000381469727,18.6299991607666,3051600,0.0,0.0
2020-07-22,18.610000610351562,18.6200008392334,17.700000762939453,17.780000686645508,2983000,0.0,0.0
2020-07-23,17.729999542236328,18.5,17.649999618530273,18.280000686645508,2472300,0.0,0.0
2020-07-24,18.200000762939453,18.200000762939453,17.520000457763672,17.889999389648438,1881900,0.0,0.0
2020-07-27,18.0,19.040000915527344,17.90999984741211,18.989999771118164,2455700,0.0,0.0
2020-07-28,19.139999389648438,19.389999389648438,18.389999389648438,18.5,2073800,0.0,0.0
2020-07-29,18.559999465942383,19.040000915527344,18.549999237060547,18.989999771118164,1297600,0.0,0.0
2020-07-30,18.6200008392334,19.200000762939453,18.440000534057617,19.100000381469727,1481900,0.0,0.0
2020-07-31,19.139999389648438,19.190000534057617,18.530000686645508,19.049999237060547,1855300,0.0,0.0
2020-08-03,19.040000915527344,19.31999969482422,18.780000686645508,19.020000457763672,2044400,0.0,0.0
2020-08-04,19.079999923706055,19.790000915527344,18.950000762939453,19.75,2172700,0.0,0.0
2020-08-05,19.75,19.950000762939453,19.09000015258789,19.8700008392334,2334400,0.0,0.0
2020-08-06,20.0,20.31999969482422,19.450000762939453,19.649999618530273,3108200,0.0,0.0
2020-08-07,18.34000015258789,19.239999771118164,18.139999389648438,18.489999771118164,3595300,0.0,0.0
2020-08-10,18.700000762939453,19.299999237060547,18.43000030517578,18.579999923706055,2013600,0.0,0.0
2020-08-11,18.969999313354492,19.469999313354492,18.639999389648438,18.739999771118164,1850600,0.0,0.0
2020-08-12,18.950000762939453,19.049999237060547,18.170000076293945,18.549999237060547,1347400,0.0,0.0
2020-08-13,18.5,18.65999984741211,18.270000457763672,18.34000015258789,1775100,0.0,0.0
2020-08-14,18.18000030517578,18.360000610351562,17.850000381469727,17.940000534057617,1234500,0.0,0.0
2020-08-17,18.010000228881836,18.6299991607666,17.68000030517578,18.520000457763672,2454300,0.0,0.0
2020-08-18,18.489999771118164,18.709999084472656,18.299999237060547,18.700000762939453,1399300,0.0,0.0
2020-08-19,18.670000076293945,19.420000076293945,18.600000381469727,18.799999237060547,1932600,0.0,0.0
2020-08-20,18.610000610351562,18.860000610351562,18.389999389648438,18.690000534057617,949100,0.0,0.0
2020-08-21,18.489999771118164,18.790000915527344,18.40999984741211,18.700000762939453,897200,0.0,0.0
2020-08-24,18.770000457763672,19.209999084472656,18.40999984741211,19.06999969482422,818400,0.0,0.0
2020-08-25,19.209999084472656,19.59000015258789,19.0,19.56999969482422,1543600,0.0,0.0
2020-08-26,19.649999618530273,20.520000457763672,19.579999923706055,20.3799991607666,2161700,0.0,0.0
2020-08-27,20.510000228881836,20.760000228881836,20.209999084472656,20.43000030517578,1181600,0.0,0.0
2020-08-28,20.489999771118164,20.709999084472656,20.3700008392334,20.700000762939453,869500,0.0,0.0
2020-08-31,20.790000915527344,21.06999969482422,20.610000610351562,20.860000610351562,1237400,0.0,0.0
2020-09-01,20.700000762939453,21.329999923706055,20.559999465942383,21.309999465942383,1480000,0.0,0.0
2020-09-02,21.360000610351562,21.56999969482422,20.68000030517578,21.549999237060547,1069600,0.0,0.0
2020-09-03,21.5,21.5,20.420000076293945,20.68000030517578,902100,0.0,0.0
2020-09-04,20.93000030517578,20.93000030517578,19.639999389648438,20.440000534057617,1162600,0.0,0.0
2020-09-08,19.899999618530273,20.190000534057617,19.5,19.790000915527344,1025900,0.0,0.0
2020-09-09,20.1200008392334,20.1200008392334,19.700000762939453,19.940000534057617,892400,0.0,0.0
2020-09-10,20.1200008392334,20.299999237060547,19.350000381469727,19.450000762939453,1170800,0.0,0.0
2020-09-11,19.639999389648438,19.690000534057617,18.979999542236328,19.309999465942383,661000,0.0,0.0
2020-09-14,19.43000030517578,19.739999771118164,19.1200008392334,19.700000762939453,1172600,0.0,0.0
2020-09-15,19.899999618530273,20.15999984741211,19.610000610351562,19.670000076293945,1102500,0.0,0.0
2020-09-16,19.729999542236328,19.950000762939453,19.229999542236328,19.299999237060547,1460100,0.0,0.0
2020-09-17,18.899999618530273,19.309999465942383,18.670000076293945,19.239999771118164,1239400,0.0,0.0
2020-09-18,19.43000030517578,19.43000030517578,18.68000030517578,18.989999771118164,1756900,0.0,0.0
2020-09-21,18.34000015258789,18.799999237060547,18.34000015258789,18.670000076293945,1244900,0.0,0.0
2020-09-22,18.8799991607666,19.18000030517578,18.709999084472656,18.940000534057617,1224600,0.0,0.0
2020-09-23,18.950000762939453,19.270000457763672,18.18000030517578,18.18000030517578,1105600,0.0,0.0
2020-09-24,18.110000610351562,18.709999084472656,17.790000915527344,18.219999313354492,1127200,0.0,0.0
2020-09-25,18.170000076293945,18.489999771118164,17.969999313354492,18.290000915527344,704900,0.0,0.0
2020-09-28,18.6200008392334,19.149999618530273,18.59000015258789,18.780000686645508,890500,0.0,0.0
2020-09-29,19.09000015258789,19.350000381469727,18.549999237060547,18.81999969482422,808400,0.0,0.0
2020-09-30,18.770000457763672,19.309999465942383,18.770000457763672,19.139999389648438,1461800,0.0,0.0
2020-10-01,19.31999969482422,19.780000686645508,19.079999923706055,19.56999969482422,1462500,0.0,0.0
2020-10-02,18.790000915527344,19.790000915527344,18.299999237060547,19.530000686645508,789400,0.0,0.0
2020-10-05,19.719999313354492,20.280000686645508,19.65999984741211,20.040000915527344,1349100,0.0,0.0
2020-10-06,20.239999771118164,20.6200008392334,19.719999313354492,19.8799991607666,2102500,0.0,0.0
2020-10-07,20.0,20.360000610351562,19.829999923706055,20.1200008392334,1447600,0.0,0.0
2020-10-08,20.420000076293945,20.579999923706055,20.030000686645508,20.100000381469727,712500,0.0,0.0
2020-10-09,20.25,20.399999618530273,19.889999389648438,19.90999984741211,1202600,0.0,0.0
2020-10-12,20.030000686645508,20.06999969482422,19.450000762939453,19.68000030517578,735600,0.0,0.0
2020-10-13,19.530000686645508,20.1200008392334,19.15999984741211,19.969999313354492,1409400,0.0,0.0
2020-10-14,20.020000457763672,20.149999618530273,19.579999923706055,19.8799991607666,725900,0.0,0.0
2020-10-15,19.469999313354492,20.209999084472656,19.420000076293945,20.100000381469727,1478500,0.0,0.0
2020-10-16,20.18000030517578,20.889999389648438,20.18000030517578,20.209999084472656,1298100,0.0,0.0
2020-10-19,20.34000015258789,20.420000076293945,19.610000610351562,19.850000381469727,973600,0.0,0.0
2020-10-20,19.959999084472656,20.309999465942383,19.700000762939453,19.75,1068100,0.0,0.0
2020-10-21,19.639999389648438,20.139999389648438,19.450000762939453,19.610000610351562,1042800,0.0,0.0
2020-10-22,19.799999237060547,20.399999618530273,19.790000915527344,20.25,1422800,0.0,0.0
2020-10-23,20.389999389648438,20.389999389648438,19.8799991607666,20.09000015258789,560100,0.0,0.0
2020-10-26,19.809999465942383,20.030000686645508,19.43000030517578,19.899999618530273,906400,0.0,0.0
2020-10-27,19.969999313354492,21.770000457763672,19.239999771118164,19.280000686645508,7933400,0.0,0.0
2020-10-28,16.809999465942383,17.09000015258789,14.619999885559082,15.649999618530273,15624600,0.0,0.0
2020-10-29,16.079999923706055,16.3799991607666,15.039999961853027,15.199999809265137,7299600,0.0,0.0
2020-10-30,15.6899995803833,15.890000343322754,14.920000076293945,15.489999771118164,4877300,0.0,0.0
2020-11-02,15.960000038146973,16.100000381469727,15.050000190734863,15.420000076293945,4966900,0.0,0.0
2020-11-03,15.649999618530273,16.020000457763672,15.460000038146973,15.640000343322754,5458800,0.0,0.0
2020-11-04,15.420000076293945,16.959999084472656,15.039999961853027,16.649999618530273,5784700,0.0,0.0
2020-11-05,16.899999618530273,17.469999313354492,16.600000381469727,17.329999923706055,4257900,0.0,0.0
2020-11-06,17.299999237060547,18.170000076293945,17.09000015258789,17.149999618530273,3088100,0.0,0.0
2020-11-09,18.350000381469727,19.190000534057617,17.979999542236328,18.579999923706055,5401000,0.0,0.0
2020-11-10,18.43000030517578,18.489999771118164,17.020000457763672,18.100000381469727,3429300,0.0,0.0
2020-11-11,18.200000762939453,18.610000610351562,16.969999313354492,17.09000015258789,3814100,0.0,0.0
2020-11-12,17.110000610351562,17.389999389648438,16.65999984741211,16.75,3158700,0.0,0.0
2020-11-13,17.049999237060547,17.34000015258789,16.709999084472656,16.75,2558900,0.0,0.0
2020-11-16,17.299999237060547,17.829999923706055,16.6299991607666,17.690000534057617,2872500,0.0,0.0
2020-11-17,17.469999313354492,18.280000686645508,17.450000762939453,18.1200008392334,2114600,0.0,0.0
2020-11-18,18.209999084472656,18.649999618530273,18.020000457763672,18.06999969482422,1843000,0.0,0.0
2020-11-19,18.049999237060547,18.90999984741211,17.84000015258789,18.780000686645508,1879200,0.0,0.0
2020-11-20,18.809999465942383,18.8799991607666,18.229999542236328,18.760000228881836,2401900,0.0,0.0
2020-11-23,19.309999465942383,19.6200008392334,19.0,19.3700008392334,3029000,0.0,0.0
2020-11-24,19.5,19.850000381469727,18.950000762939453,19.6200008392334,2805300,0.0,0.0
2020-11-25,19.610000610351562,20.5,19.399999618530273,20.40999984741211,1849400,0.0,0.0
2020-11-27,20.3700008392334,20.799999237060547,20.100000381469727,20.729999542236328,1005100,0.0,0.0
2020-11-30,20.850000381469727,21.309999465942383,20.43000030517578,21.25,2757100,0.0,0.0
2020-12-01,22.0,22.459999084472656,21.6200008392334,21.90999984741211,4911100,0.0,0.0
2020-12-02,21.65999984741211,22.459999084472656,21.31999969482422,22.239999771118164,1880200,0.0,0.0
2020-12-03,22.170000076293945,23.15999984741211,22.079999923706055,22.829999923706055,1930800,0.0,0.0
2020-12-04,22.860000610351562,23.270000457763672,22.399999618530273,22.84000015258789,1424600,0.0,0.0
2020-12-07,22.799999237060547,23.790000915527344,22.579999923706055,23.579999923706055,1610900,0.0,0.0
2020-12-08,23.520000457763672,24.040000915527344,23.350000381469727,23.389999389648438,2048200,0.0,0.0
2020-12-09,23.5,23.899999618530273,22.760000228881836,23.09000015258789,1733700,0.0,0.0
2020-12-10,22.93000030517578,23.100000381469727,22.40999984741211,22.850000381469727,1859700,0.0,0.0
2020-12-11,22.75,23.09000015258789,22.469999313354492,22.770000457763672,888900,0.0,0.0
2020-12-14,22.959999084472656,23.420000076293945,22.809999465942383,22.809999465942383,1218400,0.0,0.0
2020-12-15,23.06999969482422,23.780000686645508,22.860000610351562,23.65999984741211,1095100,0.0,0.0
2020-12-16,23.850000381469727,24.34000015258789,23.549999237060547,24.239999771118164,1356100,0.0,0.0
2020-12-17,24.389999389648438,24.489999771118164,23.829999923706055,24.239999771118164,1492400,0.0,0.0
2020-12-18,24.280000686645508,24.84000015258789,24.06999969482422,24.739999771118164,2545900,0.0,0.0
2020-12-21,23.639999389648438,24.209999084472656,23.100000381469727,23.899999618530273,1200400,0.0,0.0
2020-12-22,24.280000686645508,24.479999542236328,23.920000076293945,24.200000762939453,1208500,0.0,0.0
2020-12-23,24.43000030517578,24.549999237060547,23.8799991607666,24.139999389648438,1130900,0.0,0.0
2020-12-24,24.09000015258789,24.459999084472656,23.895000457763672,24.3799991607666,410296,0.0,0.0
